"Density","Eddy_Viscosity","Energy","Heat_Flux","Laminar_Viscosity","Mach","Momentum:0","Momentum:1","Momentum:2","Omega","Pressure","Pressure_Coefficient","Skin_Friction_Coefficient:0","Skin_Friction_Coefficient:1","Skin_Friction_Coefficient:2","Temperature","Turb_Kin_Energy","Y_Plus","vtkValidPointMask","arc_length","Points:0","Points:1","Points:2"
1.2165,5.2652e-06,1.5389e+06,0,2.5378e-05,2.5393,477.25,0.85137,0,96.328,28682,-2.3642e+06,0,0,0,464.26,0.00041692,0,,0,9,0,0
1.2151,5.2588e-06,1.537e+06,0,2.5376e-05,2.5395,476.71,1.6672,0,96.001,28645,-2.3643e+06,0,0,0,464.2,0.00041548,0,,0.016,9,0.016,0
1.2139,5.2532e-06,1.5352e+06,0,2.5374e-05,2.5397,476.23,2.4896,0,95.648,28612,-2.3644e+06,0,0,0,464.14,0.00041393,0,,0.032,9,0.032,0
1.2126,5.2476e-06,1.5336e+06,0,2.5373e-05,2.5402,475.82,3.2593,0,95.417,28582,-2.3645e+06,0,0,0,464.1,0.00041291,0,,0.048,9,0.048,0
1.2114,5.2422e-06,1.532e+06,0,2.5372e-05,2.5406,475.41,4.0257,0,95.193,28551,-2.3646e+06,0,0,0,464.07,0.00041193,0,,0.064,9,0.064,0
1.2099,5.2352e-06,1.5299e+06,0,2.537e-05,2.5412,474.88,4.8085,0,95.008,28513,-2.3647e+06,0,0,0,464.03,0.00041111,0,,0.08,9,0.08,0
1.2093,5.2323e-06,1.5291e+06,0,2.5369e-05,2.5416,474.71,5.549,0,94.827,28498,-2.3648e+06,0,0,0,464.01,0.0004103,0,,0.096,9,0.096,0
1.2089,5.2304e-06,1.5287e+06,0,2.5369e-05,2.542,474.63,6.3031,0,94.664,28488,-2.3648e+06,0,0,0,464,0.00040956,0,,0.112,9,0.112,0
1.2086,5.2284e-06,1.5282e+06,0,2.5368e-05,2.5424,474.55,7.0662,0,94.499,28479,-2.3648e+06,0,0,0,463.99,0.00040882,0,,0.128,9,0.128,0
1.2081,5.2262e-06,1.5276e+06,0,2.5368e-05,2.5428,474.42,7.8722,0,94.331,28468,-2.3648e+06,0,0,0,463.98,0.00040807,0,,0.144,9,0.144,0
1.2077,5.2241e-06,1.5271e+06,0,2.5368e-05,2.5431,474.31,8.6553,0,94.177,28458,-2.3649e+06,0,0,0,463.97,0.00040738,0,,0.16,9,0.16,0
1.2073,5.2219e-06,1.5266e+06,0,2.5367e-05,2.5435,474.18,9.4533,0,94.019,28447,-2.3649e+06,0,0,0,463.96,0.00040667,0,,0.176,9,0.176,0
1.2068,5.2195e-06,1.526e+06,0,2.5367e-05,2.5437,474.02,10.292,0,93.852,28436,-2.3649e+06,0,0,0,463.95,0.00040592,0,,0.192,9,0.192,0
1.2063,5.2171e-06,1.5254e+06,0,2.5367e-05,2.544,473.87,11.115,0,93.684,28424,-2.365e+06,0,0,0,463.95,0.00040517,0,,0.208,9,0.208,0
1.2059,5.2149e-06,1.5248e+06,0,2.5366e-05,2.5443,473.72,11.954,0,93.515,28413,-2.365e+06,0,0,0,463.94,0.00040441,0,,0.224,9,0.224,0
1.2055,5.2129e-06,1.5243e+06,0,2.5366e-05,2.5445,473.59,12.809,0,93.351,28404,-2.365e+06,0,0,0,463.93,0.00040367,0,,0.24,9,0.24,0
1.2052,5.2111e-06,1.5239e+06,0,2.5366e-05,2.5448,473.48,13.665,0,93.181,28396,-2.3651e+06,0,0,0,463.92,0.00040291,0,,0.256,9,0.256,0
1.2048,5.2093e-06,1.5234e+06,0,2.5366e-05,2.545,473.36,14.514,0,93.014,28387,-2.3651e+06,0,0,0,463.92,0.00040217,0,,0.272,9,0.272,0
1.2045,5.2076e-06,1.523e+06,0,2.5365e-05,2.5452,473.25,15.361,0,92.847,28379,-2.3651e+06,0,0,0,463.91,0.00040143,0,,0.288,9,0.288,0
1.2042,5.2059e-06,1.5226e+06,0,2.5365e-05,2.5455,473.14,16.212,0,92.677,28372,-2.3651e+06,0,0,0,463.9,0.00040066,0,,0.304,9,0.304,0
1.2039,5.2044e-06,1.5223e+06,0,2.5365e-05,2.5457,473.04,17.078,0,92.509,28365,-2.3652e+06,0,0,0,463.89,0.00039991,0,,0.32,9,0.32,0
1.2036,5.2028e-06,1.5219e+06,0,2.5365e-05,2.5459,472.93,17.94,0,92.341,28357,-2.3652e+06,0,0,0,463.89,0.00039915,0,,0.336,9,0.336,0
1.2033,5.2012e-06,1.5215e+06,0,2.5364e-05,2.5461,472.82,18.798,0,92.175,28350,-2.3652e+06,0,0,0,463.88,0.00039841,0,,0.352,9,0.352,0
1.203,5.1995e-06,1.5212e+06,0,2.5364e-05,2.5463,472.7,19.657,0,92.014,28343,-2.3652e+06,0,0,0,463.88,0.00039769,0,,0.368,9,0.368,0
1.2027,5.1979e-06,1.5208e+06,0,2.5364e-05,2.5465,472.58,20.53,0,91.858,28336,-2.3653e+06,0,0,0,463.87,0.00039699,0,,0.384,9,0.384,0
1.2024,5.1962e-06,1.5204e+06,0,2.5364e-05,2.5467,472.44,21.396,0,91.695,28328,-2.3653e+06,0,0,0,463.87,0.00039625,0,,0.4,9,0.4,0
1.2021,5.1945e-06,1.52e+06,0,2.5364e-05,2.5468,472.31,22.259,0,91.53,28320,-2.3653e+06,0,0,0,463.86,0.00039552,0,,0.416,9,0.416,0
1.2018,5.1928e-06,1.5196e+06,0,2.5363e-05,2.547,472.17,23.128,0,91.358,28312,-2.3653e+06,0,0,0,463.86,0.00039475,0,,0.432,9,0.432,0
1.2014,5.1911e-06,1.5191e+06,0,2.5363e-05,2.5471,472.02,23.995,0,91.194,28305,-2.3653e+06,0,0,0,463.85,0.00039402,0,,0.448,9,0.448,0
1.2011,5.1893e-06,1.5187e+06,0,2.5363e-05,2.5473,471.87,24.86,0,91.054,28296,-2.3654e+06,0,0,0,463.85,0.0003934,0,,0.464,9,0.464,0
1.2007,5.1875e-06,1.5182e+06,0,2.5363e-05,2.5474,471.7,25.727,0,90.912,28287,-2.3654e+06,0,0,0,463.85,0.00039277,0,,0.48,9,0.48,0
1.2003,5.1855e-06,1.5177e+06,0,2.5363e-05,2.5476,471.53,26.59,0,90.768,28278,-2.3654e+06,0,0,0,463.84,0.00039212,0,,0.496,9,0.496,0
1.1999,5.1836e-06,1.5172e+06,0,2.5363e-05,2.5477,471.35,27.451,0,90.636,28268,-2.3655e+06,0,0,0,463.84,0.00039154,0,,0.512,9,0.512,0
1.1995,5.1815e-06,1.5167e+06,0,2.5363e-05,2.5479,471.16,28.311,0,90.505,28258,-2.3655e+06,0,0,0,463.84,0.00039095,0,,0.528,9,0.528,0
1.1991,5.1793e-06,1.5161e+06,0,2.5362e-05,2.548,470.96,29.17,0,90.373,28248,-2.3655e+06,0,0,0,463.83,0.00039036,0,,0.544,9,0.544,0
1.1986,5.1771e-06,1.5156e+06,0,2.5362e-05,2.5482,470.75,30.027,0,90.276,28237,-2.3656e+06,0,0,0,463.83,0.00038992,0,,0.56,9,0.56,0
1.1981,5.1747e-06,1.515e+06,0,2.5362e-05,2.5483,470.53,30.878,0,90.205,28226,-2.3656e+06,0,0,0,463.82,0.00038959,0,,0.576,9,0.576,0
1.1976,5.1721e-06,1.5143e+06,0,2.5362e-05,2.5485,470.3,31.731,0,90.15,28213,-2.3656e+06,0,0,0,463.82,0.00038932,0,,0.592,9,0.592,0
1.1971,5.1695e-06,1.5136e+06,0,2.5362e-05,2.5486,470.06,32.579,0,90.088,28201,-2.3657e+06,0,0,0,463.82,0.00038903,0,,0.608,9,0.608,0
1.1965,5.1667e-06,1.5129e+06,0,2.5362e-05,2.5488,469.81,33.423,0,90.03,28187,-2.3657e+06,0,0,0,463.81,0.00038876,0,,0.624,9,0.624,0
1.1959,5.1639e-06,1.5122e+06,0,2.5361e-05,2.5489,469.54,34.264,0,89.956,28173,-2.3657e+06,0,0,0,463.81,0.00038841,0,,0.64,9,0.64,0
1.1953,5.161e-06,1.5114e+06,0,2.5361e-05,2.5491,469.27,35.102,0,89.868,28158,-2.3658e+06,0,0,0,463.8,0.00038802,0,,0.656,9,0.656,0
1.1947,5.1579e-06,1.5106e+06,0,2.5361e-05,2.5493,468.99,35.938,0,89.803,28143,-2.3658e+06,0,0,0,463.8,0.00038771,0,,0.672,9,0.672,0
1.194,5.1547e-06,1.5097e+06,0,2.5361e-05,2.5495,468.7,36.771,0,89.725,28127,-2.3659e+06,0,0,0,463.79,0.00038736,0,,0.688,9,0.688,0
1.1933,5.1515e-06,1.5089e+06,0,2.5361e-05,2.5497,468.39,37.6,0,89.6,28111,-2.3659e+06,0,0,0,463.79,0.0003868,0,,0.704,9,0.704,0
1.1926,5.1482e-06,1.508e+06,0,2.536e-05,2.5499,468.08,38.427,0,89.524,28094,-2.366e+06,0,0,0,463.78,0.00038645,0,,0.72,9,0.72,0
1.1919,5.1447e-06,1.507e+06,0,2.536e-05,2.5501,467.76,39.251,0,89.451,28076,-2.366e+06,0,0,0,463.77,0.00038611,0,,0.736,9,0.736,0
1.1911,5.1412e-06,1.506e+06,0,2.536e-05,2.5504,467.43,40.071,0,89.355,28058,-2.3661e+06,0,0,0,463.77,0.00038568,0,,0.752,9,0.752,0
1.1903,5.1376e-06,1.5051e+06,0,2.536e-05,2.5506,467.09,40.89,0,89.269,28039,-2.3662e+06,0,0,0,463.76,0.00038529,0,,0.768,9,0.768,0
1.1895,5.1339e-06,1.504e+06,0,2.536e-05,2.5508,466.75,41.705,0,89.181,28020,-2.3662e+06,0,0,0,463.76,0.0003849,0,,0.784,9,0.784,0
1.1887,5.1302e-06,1.503e+06,0,2.5359e-05,2.5511,466.39,42.519,0,89.102,28000,-2.3663e+06,0,0,0,463.75,0.00038455,0,,0.8,9,0.8,0
1.1879,5.1264e-06,1.5019e+06,0,2.5359e-05,2.5513,466.03,43.33,0,89.028,27980,-2.3663e+06,0,0,0,463.74,0.00038421,0,,0.816,9,0.816,0
1.187,5.1224e-06,1.5008e+06,0,2.5359e-05,2.5516,465.66,44.137,0,88.96,27960,-2.3664e+06,0,0,0,463.74,0.0003839,0,,0.832,9,0.832,0
1.1861,5.1184e-06,1.4997e+06,0,2.5359e-05,2.5519,465.29,44.944,0,88.894,27939,-2.3665e+06,0,0,0,463.73,0.0003836,0,,0.848,9,0.848,0
1.1852,5.1144e-06,1.4986e+06,0,2.5358e-05,2.5521,464.9,45.748,0,88.832,27918,-2.3665e+06,0,0,0,463.73,0.00038332,0,,0.864,9,0.864,0
1.1843,5.1103e-06,1.4975e+06,0,2.5358e-05,2.5524,464.51,46.549,0,88.761,27896,-2.3666e+06,0,0,0,463.72,0.00038301,0,,0.88,9,0.88,0
1.1834,5.1062e-06,1.4963e+06,0,2.5358e-05,2.5527,464.11,47.349,0,88.706,27874,-2.3667e+06,0,0,0,463.71,0.00038276,0,,0.896,9,0.896,0
1.1824,5.102e-06,1.4951e+06,0,2.5358e-05,2.553,463.71,48.146,0,88.634,27851,-2.3667e+06,0,0,0,463.7,0.00038244,0,,0.912,9,0.912,0
1.1815,5.0977e-06,1.4939e+06,0,2.5357e-05,2.5533,463.3,48.941,0,88.563,27828,-2.3668e+06,0,0,0,463.7,0.00038212,0,,0.928,9,0.928,0
1.1805,5.0934e-06,1.4926e+06,0,2.5357e-05,2.5536,462.88,49.733,0,88.491,27805,-2.3669e+06,0,0,0,463.69,0.0003818,0,,0.944,9,0.944,0
1.1795,5.0891e-06,1.4914e+06,0,2.5357e-05,2.5539,462.45,50.525,0,88.407,27781,-2.367e+06,0,0,0,463.68,0.00038144,0,,0.96,9,0.96,0
1.1785,5.0847e-06,1.4901e+06,0,2.5357e-05,2.5542,462.02,51.314,0,88.322,27757,-2.367e+06,0,0,0,463.68,0.00038107,0,,0.976,9,0.976,0
1.1775,5.0803e-06,1.4888e+06,0,2.5356e-05,2.5545,461.58,52.102,0,88.231,27733,-2.3671e+06,0,0,0,463.67,0.00038068,0,,0.992,9,0.992,0
1.1764,5.0758e-06,1.4875e+06,0,2.5356e-05,2.5548,461.14,52.887,0,88.128,27708,-2.3672e+06,0,0,0,463.66,0.00038024,0,,1.008,9,1.008,0
1.1754,5.0712e-06,1.4861e+06,0,2.5356e-05,2.5552,460.69,53.671,0,88.025,27683,-2.3673e+06,0,0,0,463.65,0.00037979,0,,1.024,9,1.024,0
1.1743,5.0666e-06,1.4848e+06,0,2.5355e-05,2.5555,460.24,54.452,0,87.907,27658,-2.3673e+06,0,0,0,463.64,0.00037928,0,,1.04,9,1.04,0
1.1732,5.0619e-06,1.4834e+06,0,2.5355e-05,2.5558,459.78,55.231,0,87.795,27632,-2.3674e+06,0,0,0,463.64,0.00037879,0,,1.056,9,1.056,0
1.1722,5.0572e-06,1.4821e+06,0,2.5355e-05,2.5562,459.32,56.008,0,87.709,27606,-2.3675e+06,0,0,0,463.63,0.00037841,0,,1.072,9,1.072,0
1.1711,5.0522e-06,1.4807e+06,0,2.5354e-05,2.5565,458.85,56.783,0,87.657,27580,-2.3676e+06,0,0,0,463.62,0.00037817,0,,1.088,9,1.088,0
1.17,5.0472e-06,1.4793e+06,0,2.5354e-05,2.5569,458.38,57.558,0,87.615,27554,-2.3676e+06,0,0,0,463.61,0.00037797,0,,1.104,9,1.104,0
1.1688,5.0421e-06,1.4779e+06,0,2.5354e-05,2.5573,457.9,58.331,0,87.557,27527,-2.3677e+06,0,0,0,463.6,0.0003777,0,,1.12,9,1.12,0
1.1677,5.0371e-06,1.4765e+06,0,2.5353e-05,2.5576,457.43,59.104,0,87.502,27501,-2.3678e+06,0,0,0,463.59,0.00037744,0,,1.136,9,1.136,0
1.1666,5.0319e-06,1.4751e+06,0,2.5353e-05,2.558,456.94,59.875,0,87.448,27474,-2.3679e+06,0,0,0,463.59,0.00037719,0,,1.152,9,1.152,0
1.1655,5.0268e-06,1.4736e+06,0,2.5353e-05,2.5584,456.46,60.647,0,87.378,27447,-2.368e+06,0,0,0,463.58,0.00037686,0,,1.168,9,1.168,0
1.1643,5.0217e-06,1.4722e+06,0,2.5352e-05,2.5587,455.96,61.415,0,87.31,27420,-2.3681e+06,0,0,0,463.57,0.00037656,0,,1.184,9,1.184,0
1.1632,5.0165e-06,1.4707e+06,0,2.5352e-05,2.5591,455.47,62.181,0,87.236,27392,-2.3681e+06,0,0,0,463.56,0.00037623,0,,1.2,9,1.2,0
1.162,5.0113e-06,1.4692e+06,0,2.5352e-05,2.5595,454.96,62.946,0,87.187,27364,-2.3682e+06,0,0,0,463.55,0.000376,0,,1.216,9,1.216,0
1.1608,5.0061e-06,1.4677e+06,0,2.5351e-05,2.5599,454.45,63.708,0,87.138,27336,-2.3683e+06,0,0,0,463.54,0.00037578,0,,1.232,9,1.232,0
1.1596,5.0008e-06,1.4662e+06,0,2.5351e-05,2.5603,453.94,64.468,0,87.083,27308,-2.3684e+06,0,0,0,463.53,0.00037554,0,,1.248,9,1.248,0
1.1584,4.9954e-06,1.4647e+06,0,2.5351e-05,2.5607,453.42,65.225,0,87.029,27279,-2.3685e+06,0,0,0,463.52,0.00037529,0,,1.264,9,1.264,0
1.1572,4.9901e-06,1.4632e+06,0,2.535e-05,2.5611,452.9,65.98,0,86.978,27250,-2.3686e+06,0,0,0,463.51,0.00037507,0,,1.28,9,1.28,0
1.156,4.9847e-06,1.4616e+06,0,2.535e-05,2.5615,452.37,66.734,0,86.933,27221,-2.3687e+06,0,0,0,463.5,0.00037485,0,,1.296,9,1.296,0
1.1548,4.9792e-06,1.4601e+06,0,2.535e-05,2.5619,451.84,67.485,0,86.889,27192,-2.3688e+06,0,0,0,463.49,0.00037466,0,,1.312,9,1.312,0
1.1535,4.9737e-06,1.4585e+06,0,2.5349e-05,2.5623,451.3,68.234,0,86.843,27162,-2.3688e+06,0,0,0,463.48,0.00037445,0,,1.328,9,1.328,0
1.1523,4.9682e-06,1.4569e+06,0,2.5349e-05,2.5627,450.76,68.982,0,86.793,27132,-2.3689e+06,0,0,0,463.47,0.00037423,0,,1.344,9,1.344,0
1.151,4.9627e-06,1.4553e+06,0,2.5349e-05,2.5631,450.21,69.727,0,86.741,27102,-2.369e+06,0,0,0,463.46,0.000374,0,,1.36,9,1.36,0
1.1497,4.9571e-06,1.4537e+06,0,2.5348e-05,2.5635,449.65,70.471,0,86.694,27071,-2.3691e+06,0,0,0,463.45,0.00037379,0,,1.376,9,1.376,0
1.1484,4.9515e-06,1.452e+06,0,2.5348e-05,2.564,449.09,71.21,0,86.654,27040,-2.3692e+06,0,0,0,463.44,0.00037362,0,,1.392,9,1.392,0
1.1471,4.9456e-06,1.4503e+06,0,2.5347e-05,2.5644,448.52,71.95,0,86.624,27008,-2.3693e+06,0,0,0,463.43,0.00037349,0,,1.408,9,1.408,0
1.1457,4.9399e-06,1.4486e+06,0,2.5347e-05,2.5649,447.94,72.685,0,86.602,26976,-2.3694e+06,0,0,0,463.42,0.00037339,0,,1.424,9,1.424,0
1.1444,4.9341e-06,1.4469e+06,0,2.5346e-05,2.5654,447.36,73.422,0,86.584,26944,-2.3695e+06,0,0,0,463.4,0.00037331,0,,1.44,9,1.44,0
1.1429,4.9278e-06,1.4451e+06,0,2.5345e-05,2.5659,446.75,74.157,0,86.571,26909,-2.3696e+06,0,0,0,463.38,0.00037326,0,,1.456,9,1.456,0
1.1415,4.9217e-06,1.4432e+06,0,2.5345e-05,2.5665,446.14,74.882,0,86.54,26874,-2.3697e+06,0,0,0,463.37,0.00037313,0,,1.472,9,1.472,0
1.1398,4.9147e-06,1.4412e+06,0,2.5344e-05,2.5673,445.5,75.602,0,86.547,26835,-2.3699e+06,0,0,0,463.35,0.00037317,0,,1.488,9,1.488,0
1.1381,4.9075e-06,1.439e+06,0,2.5343e-05,2.5683,444.85,76.316,0,86.555,26793,-2.37e+06,0,0,0,463.31,0.00037322,0,,1.504,9,1.504,0
1.1365,4.9005e-06,1.437e+06,0,2.5344e-05,2.5691,444.23,76.989,0,86.552,26755,-2.3701e+06,0,0,0,463.33,0.00037321,0,,1.52,9,1.52,0
1.1343,4.8918e-06,1.4354e+06,0,2.5357e-05,2.568,443.27,77.645,0,86.727,26727,-2.3702e+06,0,0,0,463.7,0.000374,0,,1.536,9,1.536,0
1.1313,4.8789e-06,1.4308e+06,0,2.5346e-05,2.5703,442.14,78.525,0,86.351,26638,-2.3705e+06,0,0,0,463.4,0.0003724,0,,1.552,9,1.552,0
1.1257,4.8559e-06,1.4241e+06,0,2.5351e-05,2.5706,439.8,79.685,0,86.845,26514,-2.3708e+06,0,0,0,463.53,0.00037463,0,,1.568,9,1.568,0
1.1493,4.9604e-06,1.4565e+06,0,2.5396e-05,2.5546,447.1,78.475,0,90.836,27136,-2.3689e+06,0,0,0,464.71,0.00039211,0,,1.584,9,1.584,0
1.4483,6.2673e-06,1.8322e+06,0,2.5458e-05,2.4486,542.28,46.828,0,96.735,34264,-2.3471e+06,0,0,0,466.37,0.00041888,0,,1.6,9,1.6,0
2.4155,1.0486e-05,3.0603e+06,0,2.566e-05,2.2413,827.15,-104.03,0,94.36,57444,-2.276e+06,0,0,0,471.72,0.00040999,0,,1.616,9,1.616,0
3.2237,1.4096e-05,4.0954e+06,0,2.5789e-05,2.1483,1037,-261.32,0,88.558,76835,-2.2166e+06,0,0,0,475.17,0.00038731,0,,1.632,9,1.632,0
3.4047,1.497e-05,4.3263e+06,0,2.5815e-05,2.1202,1075.3,-293.13,0,87.203,81184,-2.2033e+06,0,0,0,475.88,0.00038343,0,,1.648,9,1.648,0
3.4413,1.515e-05,4.3711e+06,0,2.5819e-05,2.1061,1079.7,-293.87,0,86.483,82054,-2.2006e+06,0,0,0,475.98,0.00038074,0,,1.664,9,1.664,0
3.4612,1.5234e-05,4.3958e+06,0,2.5822e-05,2.0987,1082.6,-292.52,0,86.183,82532,-2.1991e+06,0,0,0,476.05,0.00037932,0,,1.68,9,1.68,0
3.4873,1.5422e-05,4.4287e+06,0,2.5823e-05,2.0962,1089.8,-292.41,0,86.44,83146,-2.1972e+06,0,0,0,476.09,0.0003823,0,,1.696,9,1.696,0
3.5172,1.5722e-05,4.4672e+06,0,2.5823e-05,2.0994,1101.1,-293.79,0,87.273,83845,-2.1951e+06,0,0,0,476.09,0.00039013,0,,1.712,9,1.712,0
3.5468,1.6002e-05,4.5051e+06,0,2.582e-05,2.1064,1114.1,-295.65,0,88.027,84519,-2.193e+06,0,0,0,476.01,0.00039717,0,,1.728,9,1.728,0
3.578,1.6221e-05,4.5446e+06,0,2.5816e-05,2.1117,1127,-296.79,0,88.299,85226,-2.1909e+06,0,0,0,475.91,0.00040031,0,,1.744,9,1.744,0
3.6117,1.6424e-05,4.5864e+06,0,2.5813e-05,2.1107,1137.5,-296.53,0,88.2,85996,-2.1885e+06,0,0,0,475.83,0.00040109,0,,1.76,9,1.76,0
3.6478,1.6643e-05,4.6308e+06,0,2.5813e-05,2.1047,1146,-295.9,0,88.069,86833,-2.186e+06,0,0,0,475.82,0.00040183,0,,1.776,9,1.776,0
3.6788,1.6828e-05,4.6687e+06,0,2.5814e-05,2.0956,1150.9,-295.71,0,87.854,87559,-2.1837e+06,0,0,0,475.85,0.00040188,0,,1.792,9,1.792,0
3.7107,1.7016e-05,4.7077e+06,0,2.5815e-05,2.0866,1156.1,-295.43,0,87.598,88305,-2.1814e+06,0,0,0,475.87,0.00040171,0,,1.808,9,1.808,0
3.7362,1.716e-05,4.7385e+06,0,2.5816e-05,2.0784,1159.5,-295.62,0,87.366,88900,-2.1796e+06,0,0,0,475.88,0.00040126,0,,1.824,9,1.824,0
3.7591,1.728e-05,4.7662e+06,0,2.5816e-05,2.071,1162.4,-295.91,0,87.085,89434,-2.178e+06,0,0,0,475.89,0.00040033,0,,1.84,9,1.84,0
3.7785,1.7413e-05,4.7894e+06,0,2.5815e-05,2.0651,1165,-296.09,0,86.918,89880,-2.1766e+06,0,0,0,475.87,0.00040056,0,,1.856,9,1.856,0
3.7991,1.7542e-05,4.8142e+06,0,2.5815e-05,2.0583,1167.5,-296.01,0,86.716,90358,-2.1751e+06,0,0,0,475.87,0.0004004,0,,1.872,9,1.872,0
3.8167,1.7692e-05,4.8352e+06,0,2.5815e-05,2.0519,1169.3,-295.64,0,86.579,90765,-2.1739e+06,0,0,0,475.86,0.00040132,0,,1.888,9,1.888,0
3.8343,1.7842e-05,4.8561e+06,0,2.5815e-05,2.0455,1171.1,-295.27,0,86.442,91172,-2.1727e+06,0,0,0,475.86,0.00040224,0,,1.904,9,1.904,0
3.8508,1.7983e-05,4.8759e+06,0,2.5815e-05,2.0386,1172.4,-294.4,0,86.195,91559,-2.1715e+06,0,0,0,475.88,0.00040253,0,,1.92,9,1.92,0
3.8673,1.8125e-05,4.8957e+06,0,2.5816e-05,2.0318,1173.6,-293.53,0,85.946,91946,-2.1703e+06,0,0,0,475.9,0.0004028,0,,1.936,9,1.936,0
3.8843,1.8273e-05,4.9162e+06,0,2.5817e-05,2.025,1175.1,-292.54,0,85.655,92347,-2.169e+06,0,0,0,475.93,0.00040294,0,,1.952,9,1.952,0
3.9021,1.843e-05,4.9379e+06,0,2.5819e-05,2.0186,1177,-291.38,0,85.303,92768,-2.1678e+06,0,0,0,475.98,0.00040287,0,,1.968,9,1.968,0
3.9181,1.8575e-05,4.9573e+06,0,2.582e-05,2.0123,1178.6,-290.13,0,84.966,93147,-2.1666e+06,0,0,0,476.01,0.0004028,0,,1.984,9,1.984,0
3.9344,1.8741e-05,4.9771e+06,0,2.5822e-05,2.0066,1180.4,-288.78,0,84.647,93532,-2.1654e+06,0,0,0,476.04,0.00040318,0,,2,9,2,0
3.9519,1.8948e-05,4.9987e+06,0,2.5823e-05,2.0016,1183.1,-287.31,0,84.353,93945,-2.1641e+06,0,0,0,476.08,0.00040437,0,,2.016,9,2.016,0
3.9695,1.9155e-05,5.0202e+06,0,2.5824e-05,1.9965,1185.8,-285.83,0,84.059,94359,-2.1629e+06,0,0,0,476.11,0.00040555,0,,2.032,9,2.032,0
3.987,1.9362e-05,5.0418e+06,0,2.5825e-05,1.9915,1188.4,-284.35,0,83.765,94773,-2.1616e+06,0,0,0,476.15,0.00040674,0,,2.048,9,2.048,0
4.0053,1.9611e-05,5.0643e+06,0,2.5826e-05,1.9869,1191.6,-282.83,0,83.51,95204,-2.1603e+06,0,0,0,476.18,0.00040884,0,,2.064,9,2.064,0
4.0231,1.9897e-05,5.0863e+06,0,2.5827e-05,1.983,1194.9,-281.24,0,83.301,95620,-2.159e+06,0,0,0,476.2,0.00041189,0,,2.08,9,2.08,0
4.0409,2.0184e-05,5.1082e+06,0,2.5828e-05,1.9792,1198.3,-279.65,0,83.092,96037,-2.1577e+06,0,0,0,476.22,0.00041494,0,,2.096,9,2.096,0
4.0587,2.047e-05,5.1301e+06,0,2.5829e-05,1.9753,1201.7,-278.06,0,82.883,96453,-2.1565e+06,0,0,0,476.24,0.00041799,0,,2.112,9,2.112,0
4.0771,2.0801e-05,5.1528e+06,0,2.5829e-05,1.9718,1205.4,-276.66,0,82.697,96882,-2.1551e+06,0,0,0,476.26,0.00042186,0,,2.128,9,2.128,0
4.0956,2.1146e-05,5.1756e+06,0,2.583e-05,1.9683,1209.1,-275.31,0,82.516,97314,-2.1538e+06,0,0,0,476.27,0.00042596,0,,2.144,9,2.144,0
4.1143,2.1527e-05,5.1987e+06,0,2.5831e-05,1.9649,1212.8,-274.02,0,82.35,97750,-2.1525e+06,0,0,0,476.29,0.00043085,0,,2.16,9,2.16,0
4.1335,2.2005e-05,5.2222e+06,0,2.5831e-05,1.961,1216.4,-272.76,0,82.214,98196,-2.1511e+06,0,0,0,476.3,0.00043758,0,,2.176,9,2.176,0
4.1527,2.2482e-05,5.2459e+06,0,2.5832e-05,1.9572,1220,-271.51,0,82.077,98644,-2.1497e+06,0,0,0,476.31,0.00044429,0,,2.192,9,2.192,0
4.1719,2.3006e-05,5.2694e+06,0,2.5832e-05,1.9531,1223.4,-270.22,0,81.966,99091,-2.1484e+06,0,0,0,476.33,0.00045193,0,,2.208,9,2.208,0
4.1912,2.3572e-05,5.293e+06,0,2.5833e-05,1.9487,1226.5,-268.87,0,81.882,99540,-2.147e+06,0,0,0,476.34,0.00046042,0,,2.224,9,2.224,0
4.2104,2.4139e-05,5.3166e+06,0,2.5833e-05,1.9442,1229.6,-267.52,0,81.797,99989,-2.1456e+06,0,0,0,476.36,0.00046891,0,,2.24,9,2.24,0
4.2286,2.4878e-05,5.3387e+06,0,2.5834e-05,1.94,1232.6,-266.1,0,81.655,1.0041e+05,-2.1443e+06,0,0,0,476.37,0.00048027,0,,2.256,9,2.256,0
4.2467,2.562e-05,5.3609e+06,0,2.5834e-05,1.9358,1235.5,-264.67,0,81.512,1.0083e+05,-2.143e+06,0,0,0,476.39,0.00049167,0,,2.272,9,2.272,0
4.2648,2.6452e-05,5.3831e+06,0,2.5835e-05,1.9318,1238.5,-263.29,0,81.379,1.0125e+05,-2.1417e+06,0,0,0,476.4,0.0005046,0,,2.288,9,2.288,0
4.2831,2.7389e-05,5.4055e+06,0,2.5836e-05,1.9278,1241.5,-261.93,0,81.253,1.0168e+05,-2.1404e+06,0,0,0,476.42,0.0005194,0,,2.304,9,2.304,0
4.3013,2.8327e-05,5.4279e+06,0,2.5836e-05,1.9238,1244.5,-260.56,0,81.127,1.0211e+05,-2.1391e+06,0,0,0,476.44,0.0005342,0,,2.32,9,2.32,0
4.3183,2.9325e-05,5.4488e+06,0,2.5837e-05,1.9208,1247.7,-259.09,0,80.985,1.025e+05,-2.1379e+06,0,0,0,476.45,0.00054972,0,,2.336,9,2.336,0
4.335,3.0329e-05,5.4695e+06,0,2.5837e-05,1.9178,1251,-257.6,0,80.842,1.0289e+05,-2.1367e+06,0,0,0,476.47,0.00056531,0,,2.352,9,2.352,0
4.3519,3.1347e-05,5.4904e+06,0,2.5838e-05,1.9148,1254.3,-256.14,0,80.703,1.0329e+05,-2.1355e+06,0,0,0,476.48,0.00058115,0,,2.368,9,2.368,0
4.369,3.28e-05,5.5116e+06,0,2.5839e-05,1.9125,1258,-254.72,0,80.679,1.0368e+05,-2.1343e+06,0,0,0,476.5,0.00060551,0,,2.384,9,2.384,0
4.3851,3.4437e-05,5.5317e+06,0,2.5839e-05,1.9107,1261.8,-253.25,0,80.711,1.0406e+05,-2.1331e+06,0,0,0,476.52,0.0006336,0,,2.4,9,2.4,0
4.4012,3.6075e-05,5.5518e+06,0,2.584e-05,1.9089,1265.5,-251.78,0,80.742,1.0443e+05,-2.132e+06,0,0,0,476.54,0.00066169,0,,2.416,9,2.416,0
4.4175,3.8095e-05,5.5722e+06,0,2.5841e-05,1.9078,1269.8,-250.38,0,80.762,1.0481e+05,-2.1308e+06,0,0,0,476.55,0.0006962,0,,2.432,9,2.432,0
4.4339,4.0298e-05,5.5929e+06,0,2.5841e-05,1.907,1274.3,-249.01,0,80.777,1.052e+05,-2.1297e+06,0,0,0,476.57,0.00073379,0,,2.448,9,2.448,0
4.4501,4.2424e-05,5.6134e+06,0,2.5842e-05,1.9061,1278.7,-247.63,0,80.781,1.0558e+05,-2.1285e+06,0,0,0,476.59,0.00076991,0,,2.464,9,2.464,0
4.4654,4.4645e-05,5.6327e+06,0,2.5843e-05,1.9058,1283.2,-246.24,0,80.763,1.0593e+05,-2.1274e+06,0,0,0,476.61,0.00080727,0,,2.48,9,2.48,0
4.4805,4.7151e-05,5.652e+06,0,2.5843e-05,1.906,1288,-244.89,0,80.758,1.0628e+05,-2.1263e+06,0,0,0,476.63,0.00084952,0,,2.496,9,2.496,0
4.4957,4.9687e-05,5.6714e+06,0,2.5844e-05,1.9062,1292.8,-243.56,0,80.755,1.0664e+05,-2.1252e+06,0,0,0,476.65,0.00089233,0,,2.512,9,2.512,0
4.5113,5.2639e-05,5.6914e+06,0,2.5845e-05,1.9066,1297.9,-242.32,0,80.768,1.07e+05,-2.1241e+06,0,0,0,476.67,0.00094219,0,,2.528,9,2.528,0
4.5268,5.563e-05,5.7112e+06,0,2.5846e-05,1.9073,1303.1,-241.11,0,80.725,1.0737e+05,-2.123e+06,0,0,0,476.69,0.00099178,0,,2.544,9,2.544,0
4.542,5.9237e-05,5.7308e+06,0,2.5846e-05,1.9082,1308.4,-239.93,0,80.709,1.0772e+05,-2.1219e+06,0,0,0,476.71,0.0010523,0,,2.56,9,2.56,0
4.5568,6.4314e-05,5.75e+06,0,2.5847e-05,1.9095,1313.8,-238.78,0,80.782,1.0807e+05,-2.1209e+06,0,0,0,476.74,0.0011392,0,,2.576,9,2.576,0
4.5713,7.0113e-05,5.7687e+06,0,2.5848e-05,1.9105,1319,-237.51,0,80.984,1.0841e+05,-2.1198e+06,0,0,0,476.76,0.0012415,0,,2.592,9,2.592,0
4.5858,7.6334e-05,5.7874e+06,0,2.5849e-05,1.9116,1324.3,-236.25,0,81.143,1.0875e+05,-2.1188e+06,0,0,0,476.78,0.0013504,0,,2.608,9,2.608,0
4.6004,8.4141e-05,5.8063e+06,0,2.585e-05,1.9129,1329.6,-235.11,0,81.069,1.0909e+05,-2.1177e+06,0,0,0,476.8,0.0014821,0,,2.624,9,2.624,0
4.6145,9.2266e-05,5.8247e+06,0,2.5851e-05,1.9142,1335,-233.95,0,81.025,1.0942e+05,-2.1167e+06,0,0,0,476.83,0.0016198,0,,2.64,9,2.64,0
4.628,0.00010121,5.8422e+06,0,2.5852e-05,1.9158,1340.2,-232.93,0,81.057,1.0974e+05,-2.1158e+06,0,0,0,476.85,0.001772,0,,2.656,9,2.656,0
4.6422,0.00011063,5.8607e+06,0,2.5852e-05,1.9172,1345.5,-232.02,0,81.079,1.1007e+05,-2.1147e+06,0,0,0,476.87,0.0019318,0,,2.672,9,2.672,0
4.6569,0.00012387,5.8798e+06,0,2.5853e-05,1.9187,1351.1,-231.12,0,81.178,1.1041e+05,-2.1137e+06,0,0,0,476.9,0.0021587,0,,2.688,9,2.688,0
4.6715,0.00013935,5.8989e+06,0,2.5855e-05,1.9203,1356.7,-230.2,0,81.305,1.1076e+05,-2.1126e+06,0,0,0,476.93,0.0024247,0,,2.704,9,2.704,0
4.685,0.00015585,5.9165e+06,0,2.5855e-05,1.9218,1361.9,-229.12,0,81.412,1.1107e+05,-2.1117e+06,0,0,0,476.95,0.0027081,0,,2.72,9,2.72,0
4.6984,0.00017247,5.9341e+06,0,2.5856e-05,1.9234,1367.2,-228.01,0,81.338,1.1139e+05,-2.1107e+06,0,0,0,476.98,0.0029837,0,,2.736,9,2.736,0
4.7119,0.00018909,5.9517e+06,0,2.5857e-05,1.925,1372.5,-226.9,0,81.257,1.117e+05,-2.1097e+06,0,0,0,477.01,0.003259,0,,2.752,9,2.752,0
4.7255,0.0002078,5.9696e+06,0,2.5858e-05,1.9266,1377.9,-225.77,0,81.159,1.1202e+05,-2.1087e+06,0,0,0,477.03,0.0035672,0,,2.768,9,2.768,0
4.7391,0.00023551,5.9874e+06,0,2.5859e-05,1.9283,1383.3,-224.59,0,81.013,1.1234e+05,-2.1078e+06,0,0,0,477.06,0.0040221,0,,2.784,9,2.784,0
4.7527,0.0002635,6.0051e+06,0,2.586e-05,1.9299,1388.7,-223.41,0,80.871,1.1266e+05,-2.1068e+06,0,0,0,477.09,0.0044821,0,,2.8,9,2.8,0
4.7664,0.00030185,6.0231e+06,0,2.5861e-05,1.9314,1394,-222.16,0,80.696,1.1298e+05,-2.1058e+06,0,0,0,477.11,0.0051043,0,,2.816,9,2.816,0
4.7802,0.00034588,6.0412e+06,0,2.5862e-05,1.9328,1399.4,-220.87,0,80.504,1.1331e+05,-2.1048e+06,0,0,0,477.14,0.0058155,0,,2.832,9,2.832,0
4.7939,0.00039016,6.059e+06,0,2.5864e-05,1.9342,1404.6,-219.57,0,80.31,1.1363e+05,-2.1038e+06,0,0,0,477.17,0.0065305,0,,2.848,9,2.848,0
4.8069,0.00043751,6.076e+06,0,2.5864e-05,1.9353,1409.5,-218.17,0,80.101,1.1394e+05,-2.1029e+06,0,0,0,477.2,0.0072843,0,,2.864,9,2.864,0
4.8202,0.00048893,6.0933e+06,0,2.5865e-05,1.9362,1414.3,-216.69,0,79.87,1.1425e+05,-2.1019e+06,0,0,0,477.22,0.0080823,0,,2.88,9,2.88,0
4.8336,0.00054035,6.1107e+06,0,2.5866e-05,1.9371,1419.2,-215.21,0,79.638,1.1456e+05,-2.101e+06,0,0,0,477.25,0.0088803,0,,2.896,9,2.896,0
4.847,0.00059206,6.128e+06,0,2.5867e-05,1.938,1424,-213.73,0,79.407,1.1488e+05,-2.1e+06,0,0,0,477.27,0.0096835,0,,2.912,9,2.912,0
4.8605,0.00064528,6.1456e+06,0,2.5868e-05,1.9388,1428.8,-212.24,0,79.176,1.1519e+05,-2.099e+06,0,0,0,477.3,0.01051,0,,2.928,9,2.928,0
4.8735,0.00072931,6.1624e+06,0,2.5869e-05,1.9391,1433.2,-210.65,0,78.939,1.155e+05,-2.0981e+06,0,0,0,477.33,0.011792,0,,2.944,9,2.944,0
4.8865,0.00082226,6.1792e+06,0,2.587e-05,1.9395,1437.5,-209.07,0,78.694,1.158e+05,-2.0972e+06,0,0,0,477.35,0.013212,0,,2.96,9,2.96,0
4.8994,0.00091522,6.1959e+06,0,2.5871e-05,1.9398,1441.8,-207.49,0,78.448,1.1611e+05,-2.0962e+06,0,0,0,477.38,0.014632,0,,2.976,9,2.976,0
4.9126,0.0010141,6.2128e+06,0,2.5872e-05,1.9401,1446.1,-205.91,0,78.201,1.1642e+05,-2.0953e+06,0,0,0,477.4,0.016138,0,,2.992,9,2.992,0
4.9261,0.001168,6.2302e+06,0,2.5873e-05,1.94,1450.2,-204.32,0,77.972,1.1673e+05,-2.0943e+06,0,0,0,477.43,0.018462,0,,3.008,9,3.008,0
4.9393,0.001333,6.2471e+06,0,2.5874e-05,1.9399,1454.2,-202.7,0,77.759,1.1704e+05,-2.0934e+06,0,0,0,477.45,0.020952,0,,3.024,9,3.024,0
4.9525,0.001498,6.2641e+06,0,2.5875e-05,1.9398,1458.2,-201.08,0,77.546,1.1735e+05,-2.0924e+06,0,0,0,477.48,0.023443,0,,3.04,9,3.04,0
4.9654,0.0016646,6.2806e+06,0,2.5876e-05,1.9394,1462,-199.46,0,77.345,1.1765e+05,-2.0915e+06,0,0,0,477.5,0.02592,0,,3.056,9,3.056,0
4.9782,0.0019026,6.2969e+06,0,2.5877e-05,1.9388,1465.5,-197.8,0,77.167,1.1796e+05,-2.0906e+06,0,0,0,477.53,0.029433,0,,3.072,9,3.072,0
4.991,0.0022012,6.3132e+06,0,2.5878e-05,1.938,1468.9,-196.1,0,77.005,1.1826e+05,-2.0896e+06,0,0,0,477.55,0.033834,0,,3.088,9,3.088,0
5.0038,0.0024904,6.3295e+06,0,2.5879e-05,1.9372,1472.2,-194.4,0,76.846,1.1856e+05,-2.0887e+06,0,0,0,477.57,0.038104,0,,3.104,9,3.104,0
5.0165,0.0027525,6.3457e+06,0,2.5879e-05,1.9365,1475.7,-192.68,0,76.696,1.1885e+05,-2.0878e+06,0,0,0,477.6,0.041993,0,,3.12,9,3.12,0
5.0291,0.0030374,6.3617e+06,0,2.588e-05,1.9358,1479.1,-190.97,0,76.55,1.1915e+05,-2.0869e+06,0,0,0,477.62,0.046221,0,,3.136,9,3.136,0
5.0409,0.0035771,6.3766e+06,0,2.5881e-05,1.9348,1481.9,-189.23,0,76.462,1.1942e+05,-2.0861e+06,0,0,0,477.64,0.054251,0,,3.152,9,3.152,0
5.0535,0.0041946,6.3925e+06,0,2.5882e-05,1.9334,1484.8,-187.42,0,76.379,1.1972e+05,-2.0851e+06,0,0,0,477.67,0.063262,0,,3.168,9,3.168,0
5.0663,0.004819,6.4086e+06,0,2.5883e-05,1.932,1487.6,-185.61,0,76.296,1.2002e+05,-2.0842e+06,0,0,0,477.69,0.07236,0,,3.184,9,3.184,0
5.079,0.0054434,6.4247e+06,0,2.5884e-05,1.9306,1490.5,-183.79,0,76.214,1.2032e+05,-2.0833e+06,0,0,0,477.71,0.081457,0,,3.2,9,3.2,0
5.0917,0.0060733,6.4407e+06,0,2.5885e-05,1.9292,1493.3,-181.99,0,76.13,1.2062e+05,-2.0824e+06,0,0,0,477.74,0.090636,0,,3.216,9,3.216,0
5.1043,0.0067269,6.4566e+06,0,2.5886e-05,1.9278,1496.1,-180.25,0,76.041,1.2091e+05,-2.0815e+06,0,0,0,477.76,0.10016,0,,3.232,9,3.232,0
5.1169,0.0076565,6.4723e+06,0,2.5886e-05,1.9262,1498.7,-178.53,0,75.992,1.2121e+05,-2.0806e+06,0,0,0,477.79,0.11366,0,,3.248,9,3.248,0
5.1294,0.0086885,6.488e+06,0,2.5887e-05,1.9245,1501.2,-176.82,0,75.958,1.215e+05,-2.0797e+06,0,0,0,477.81,0.12863,0,,3.264,9,3.264,0
5.1423,0.0098997,6.5042e+06,0,2.5888e-05,1.9227,1503.7,-175.06,0,75.949,1.218e+05,-2.0788e+06,0,0,0,477.83,0.14609,0,,3.28,9,3.28,0
5.1554,0.011179,6.5206e+06,0,2.5889e-05,1.9208,1506.2,-173.28,0,75.948,1.2211e+05,-2.0778e+06,0,0,0,477.86,0.1645,0,,3.296,9,3.296,0
5.1685,0.012748,6.537e+06,0,2.589e-05,1.9189,1508.7,-171.57,0,75.976,1.2241e+05,-2.0769e+06,0,0,0,477.88,0.18723,0,,3.312,9,3.312,0
5.1815,0.014683,6.5534e+06,0,2.5891e-05,1.9171,1511.2,-169.96,0,76.039,1.2272e+05,-2.0759e+06,0,0,0,477.91,0.2154,0,,3.328,9,3.328,0
5.1948,0.016771,6.57e+06,0,2.5892e-05,1.9151,1513.7,-168.36,0,76.118,1.2303e+05,-2.075e+06,0,0,0,477.94,0.24574,0,,3.344,9,3.344,0
5.2086,0.019264,6.5873e+06,0,2.5893e-05,1.913,1516.2,-166.83,0,76.237,1.2336e+05,-2.074e+06,0,0,0,477.96,0.28189,0,,3.36,9,3.36,0
5.2229,0.021761,6.6052e+06,0,2.5894e-05,1.9109,1518.8,-165.37,0,76.352,1.2369e+05,-2.073e+06,0,0,0,477.99,0.31815,0,,3.376,9,3.376,0
5.2376,0.025521,6.6236e+06,0,2.5895e-05,1.9087,1521.3,-163.94,0,76.586,1.2403e+05,-2.0719e+06,0,0,0,478.02,0.37325,0,,3.392,9,3.392,0
5.2523,0.029385,6.6419e+06,0,2.5896e-05,1.9064,1523.9,-162.53,0,76.83,1.2438e+05,-2.0709e+06,0,0,0,478.05,0.42991,0,,3.408,9,3.408,0
5.267,0.033249,6.6603e+06,0,2.5897e-05,1.9041,1526.4,-161.11,0,77.074,1.2472e+05,-2.0698e+06,0,0,0,478.07,0.48657,0,,3.424,9,3.424,0
5.2822,0.038317,6.6793e+06,0,2.5898e-05,1.9019,1529.1,-159.8,0,77.375,1.2508e+05,-2.0687e+06,0,0,0,478.1,0.56154,0,,3.44,9,3.44,0
5.2973,0.043832,6.6983e+06,0,2.5899e-05,1.8996,1531.7,-158.49,0,77.7,1.2543e+05,-2.0676e+06,0,0,0,478.13,0.64327,0,,3.456,9,3.456,0
5.3125,0.049346,6.7173e+06,0,2.59e-05,1.8974,1534.4,-157.18,0,78.026,1.2579e+05,-2.0665e+06,0,0,0,478.16,0.725,0,,3.472,9,3.472,0
5.3279,0.05599,6.7366e+06,0,2.5902e-05,1.8952,1537.1,-155.93,0,78.426,1.2615e+05,-2.0654e+06,0,0,0,478.19,0.82477,0,,3.488,9,3.488,0
5.3437,0.064276,6.7565e+06,0,2.5903e-05,1.893,1540,-154.76,0,78.933,1.2652e+05,-2.0643e+06,0,0,0,478.22,0.95054,0,,3.504,9,3.504,0
5.3596,0.072562,6.7764e+06,0,2.5904e-05,1.8909,1542.8,-153.58,0,79.44,1.2689e+05,-2.0632e+06,0,0,0,478.25,1.0763,0,,3.52,9,3.52,0
5.3755,0.08217,6.7964e+06,0,2.5905e-05,1.8888,1545.8,-152.42,0,80.053,1.2727e+05,-2.062e+06,0,0,0,478.28,1.224,0,,3.536,9,3.536,0
5.3912,0.094917,6.8162e+06,0,2.5906e-05,1.8869,1548.8,-151.32,0,80.804,1.2763e+05,-2.0609e+06,0,0,0,478.31,1.4257,0,,3.552,9,3.552,0
5.4069,0.10846,6.8359e+06,0,2.5907e-05,1.885,1551.8,-150.23,0,81.591,1.28e+05,-2.0598e+06,0,0,0,478.34,1.641,0,,3.568,9,3.568,0
5.4226,0.12201,6.8557e+06,0,2.5908e-05,1.8832,1554.8,-149.15,0,82.378,1.2837e+05,-2.0586e+06,0,0,0,478.37,1.8564,0,,3.584,9,3.584,0
5.4387,0.13945,6.8759e+06,0,2.5909e-05,1.8813,1557.9,-148.12,0,83.376,1.2874e+05,-2.0575e+06,0,0,0,478.4,2.144,0,,3.6,9,3.6,0
5.455,0.16672,6.8965e+06,0,2.591e-05,1.8797,1561.2,-147.22,0,84.932,1.2913e+05,-2.0563e+06,0,0,0,478.43,2.6105,0,,3.616,9,3.616,0
5.4713,0.194,6.9171e+06,0,2.5912e-05,1.878,1564.5,-146.32,0,86.489,1.2951e+05,-2.0551e+06,0,0,0,478.46,3.077,0,,3.632,9,3.632,0
5.4876,0.22943,6.9377e+06,0,2.5913e-05,1.8764,1567.8,-145.48,0,88.484,1.2989e+05,-2.054e+06,0,0,0,478.49,3.713,0,,3.648,9,3.648,0
5.5038,0.27056,6.9582e+06,0,2.5914e-05,1.8749,1571.2,-144.67,0,90.78,1.3027e+05,-2.0528e+06,0,0,0,478.52,4.4704,0,,3.664,9,3.664,0
5.5202,0.31377,6.9789e+06,0,2.5915e-05,1.8734,1574.6,-143.86,0,93.068,1.3065e+05,-2.0516e+06,0,0,0,478.55,5.3287,0,,3.68,9,3.68,0
5.5366,0.35698,6.9996e+06,0,2.5916e-05,1.8719,1578.1,-143.04,0,95.356,1.3104e+05,-2.0505e+06,0,0,0,478.58,6.187,0,,3.696,9,3.696,0
5.5526,0.40955,7.0199e+06,0,2.5917e-05,1.8705,1581.5,-142.25,0,98.2,1.3141e+05,-2.0493e+06,0,0,0,478.61,7.2878,0,,3.712,9,3.712,0
5.5683,0.4688,7.0398e+06,0,2.5918e-05,1.8692,1584.8,-141.48,0,101.44,1.3178e+05,-2.0482e+06,0,0,0,478.63,8.5636,0,,3.728,9,3.728,0
5.5844,0.55533,7.0601e+06,0,2.5919e-05,1.8678,1588.2,-140.76,0,106.29,1.3215e+05,-2.047e+06,0,0,0,478.66,10.653,0,,3.744,9,3.744,0
5.6006,0.65737,7.0805e+06,0,2.592e-05,1.8664,1591.6,-140.05,0,112.13,1.3253e+05,-2.0459e+06,0,0,0,478.69,13.282,0,,3.76,9,3.76,0
5.6167,0.77392,7.1008e+06,0,2.5921e-05,1.8651,1595,-139.36,0,118.91,1.329e+05,-2.0447e+06,0,0,0,478.71,16.462,0,,3.776,9,3.776,0
5.6325,0.90202,7.1209e+06,0,2.5922e-05,1.8636,1598.2,-138.61,0,126.58,1.3327e+05,-2.0436e+06,0,0,0,478.74,20.399,0,,3.792,9,3.792,0
5.6486,1.0368,7.1412e+06,0,2.5923e-05,1.862,1601.4,-137.85,0,134.88,1.3365e+05,-2.0425e+06,0,0,0,478.76,24.995,0,,3.808,9,3.808,0
5.6645,1.1797,7.1612e+06,0,2.5924e-05,1.8604,1604.5,-137.08,0,143.79,1.3402e+05,-2.0413e+06,0,0,0,478.79,30.066,0,,3.824,9,3.824,0
5.6798,1.3508,7.1806e+06,0,2.5925e-05,1.8587,1607.4,-136.28,0,154.91,1.3438e+05,-2.0402e+06,0,0,0,478.82,37.105,0,,3.84,9,3.84,0
5.6952,1.5242,7.2001e+06,0,2.5926e-05,1.8569,1610.1,-135.47,0,166.39,1.3474e+05,-2.0391e+06,0,0,0,478.86,44.846,0,,3.856,9,3.856,0
5.7105,1.7264,7.2195e+06,0,2.5928e-05,1.8549,1612.7,-134.64,0,180.08,1.351e+05,-2.038e+06,0,0,0,478.9,54.721,0,,3.872,9,3.872,0
5.7253,1.977,7.2385e+06,0,2.593e-05,1.8526,1615,-133.73,0,197.13,1.3545e+05,-2.0369e+06,0,0,0,478.95,68.309,0,,3.888,9,3.888,0
5.74,2.2448,7.2575e+06,0,2.5932e-05,1.8498,1616.8,-132.76,0,215.54,1.3581e+05,-2.0358e+06,0,0,0,479.02,84.62,0,,3.904,9,3.904,0
5.7539,2.5416,7.2756e+06,0,2.5936e-05,1.8463,1617.7,-131.65,0,234.81,1.3616e+05,-2.0348e+06,0,0,0,479.11,104.98,0,,3.92,9,3.92,0
5.7678,2.8393,7.2937e+06,0,2.5939e-05,1.8427,1618.7,-130.58,0,254.36,1.365e+05,-2.0337e+06,0,0,0,479.2,125.42,0,,3.936,9,3.936,0
5.7805,3.2641,7.3108e+06,0,2.5944e-05,1.8378,1618.1,-129.34,0,279.81,1.3683e+05,-2.0327e+06,0,0,0,479.33,158.97,0,,3.952,9,3.952,0
5.7927,3.6954,7.3272e+06,0,2.595e-05,1.8321,1616.8,-128.01,0,303.62,1.3715e+05,-2.0317e+06,0,0,0,479.48,194.23,0,,3.968,9,3.968,0
5.8042,4.1302,7.3429e+06,0,2.5956e-05,1.8254,1614.4,-126.61,0,323.63,1.3747e+05,-2.0307e+06,0,0,0,479.65,230.39,0,,3.984,9,3.984,0
5.8151,4.6507,7.358e+06,0,2.5963e-05,1.8173,1610.6,-125.14,0,345.56,1.3778e+05,-2.0298e+06,0,0,0,479.86,276.69,0,,4,9,4,0
5.826,5.2974,7.3732e+06,0,2.5972e-05,1.8079,1605.7,-123.5,0,369.15,1.381e+05,-2.0288e+06,0,0,0,480.08,336.32,0,,4.016,9,4.016,0
5.8364,6.0192,7.3879e+06,0,2.5981e-05,1.7975,1599.7,-121.79,0,390.46,1.3841e+05,-2.0278e+06,0,0,0,480.32,403.87,0,,4.032,9,4.032,0
5.8462,6.7948,7.4019e+06,0,2.599e-05,1.7861,1592.8,-120.01,0,410.03,1.3872e+05,-2.0269e+06,0,0,0,480.58,476.95,0,,4.048,9,4.048,0
5.8562,7.5403,7.4161e+06,0,2.6e-05,1.7734,1584.7,-118.13,0,425.34,1.3903e+05,-2.0259e+06,0,0,0,480.85,547.72,0,,4.064,9,4.064,0
5.8656,8.2672,7.4293e+06,0,2.6011e-05,1.7596,1575.4,-116.14,0,437.51,1.3934e+05,-2.025e+06,0,0,0,481.13,617.25,0,,4.08,9,4.08,0
5.8747,9.0254,7.4423e+06,0,2.6021e-05,1.7452,1565.5,-114.1,0,449.13,1.3963e+05,-2.0241e+06,0,0,0,481.42,690.54,0,,4.096,9,4.096,0
5.8839,9.7662,7.4551e+06,0,2.6032e-05,1.73,1554.8,-112.05,0,459.05,1.3993e+05,-2.0232e+06,0,0,0,481.71,762.34,0,,4.112,9,4.112,0
5.8927,10.474,7.4674e+06,0,2.6043e-05,1.7138,1543.1,-109.95,0,466.66,1.4023e+05,-2.0223e+06,0,0,0,482,830.65,0,,4.128,9,4.128,0
5.9008,11.179,7.4788e+06,0,2.6054e-05,1.6977,1531.3,-107.91,0,474.56,1.4051e+05,-2.0214e+06,0,0,0,482.29,899.23,0,,4.144,9,4.144,0
5.9083,11.944,7.4892e+06,0,2.6065e-05,1.6804,1518.2,-105.87,0,481.35,1.4077e+05,-2.0206e+06,0,0,0,482.59,973.73,0,,4.16,9,4.16,0
5.9159,12.702,7.4998e+06,0,2.6076e-05,1.6629,1504.8,-103.83,0,487.63,1.4104e+05,-2.0198e+06,0,0,0,482.88,1047.3,0,,4.176,9,4.176,0
5.9227,13.459,7.5092e+06,0,2.6086e-05,1.6448,1490.7,-101.84,0,493,1.4129e+05,-2.019e+06,0,0,0,483.17,1120.6,0,,4.192,9,4.192,0
5.9296,14.25,7.5187e+06,0,2.6097e-05,1.6265,1476.3,-99.922,0,497.8,1.4154e+05,-2.0183e+06,0,0,0,483.46,1196.3,0,,4.208,9,4.208,0
5.9363,15.003,7.5278e+06,0,2.6108e-05,1.6075,1461.3,-97.998,0,501.45,1.4178e+05,-2.0175e+06,0,0,0,483.74,1267.6,0,,4.224,9,4.224,0
5.9435,15.738,7.5374e+06,0,2.6118e-05,1.5883,1446.1,-96.086,0,504.5,1.4204e+05,-2.0167e+06,0,0,0,484.03,1336,0,,4.24,9,4.24,0
5.9504,16.479,7.5466e+06,0,2.6129e-05,1.5688,1430.4,-94.206,0,506.9,1.4229e+05,-2.016e+06,0,0,0,484.31,1403.9,0,,4.256,9,4.256,0
5.9568,17.217,7.5551e+06,0,2.6139e-05,1.5493,1414.7,-92.357,0,509.22,1.4252e+05,-2.0153e+06,0,0,0,484.59,1471.8,0,,4.272,9,4.272,0
5.9616,17.95,7.5616e+06,0,2.6149e-05,1.53,1398.6,-90.599,0,510.9,1.4272e+05,-2.0147e+06,0,0,0,484.85,1538.5,0,,4.288,9,4.288,0
5.9674,18.676,7.5693e+06,0,2.6158e-05,1.5103,1382.3,-88.907,0,512.27,1.4294e+05,-2.014e+06,0,0,0,485.11,1603.4,0,,4.304,9,4.304,0
5.9728,19.395,7.5763e+06,0,2.6168e-05,1.4902,1365.6,-87.233,0,513.22,1.4314e+05,-2.0134e+06,0,0,0,485.37,1666.5,0,,4.32,9,4.32,0
5.9776,20.106,7.5825e+06,0,2.6178e-05,1.4698,1348.4,-85.625,0,513.74,1.4334e+05,-2.0128e+06,0,0,0,485.63,1727.8,0,,4.336,9,4.336,0
5.9842,20.802,7.591e+06,0,2.6187e-05,1.4487,1330.9,-83.931,0,513.91,1.4357e+05,-2.012e+06,0,0,0,485.9,1786.3,0,,4.352,9,4.352,0
5.9887,21.386,7.5968e+06,0,2.6197e-05,1.4283,1313.5,-82.331,0,513.38,1.4376e+05,-2.0115e+06,0,0,0,486.15,1833.3,0,,4.368,9,4.368,0
5.9928,21.96,7.6021e+06,0,2.6206e-05,1.4081,1296.2,-80.745,0,512.79,1.4393e+05,-2.0109e+06,0,0,0,486.39,1879.1,0,,4.384,9,4.384,0
5.997,22.552,7.6073e+06,0,2.6215e-05,1.3881,1279.1,-79.143,0,512.22,1.4411e+05,-2.0104e+06,0,0,0,486.63,1926.2,0,,4.4,9,4.4,0
6.0012,23.09,7.6127e+06,0,2.6223e-05,1.3682,1262,-77.707,0,511,1.4428e+05,-2.0099e+06,0,0,0,486.86,1965.8,0,,4.416,9,4.416,0
6.0057,23.639,7.6183e+06,0,2.6232e-05,1.3482,1244.9,-76.272,0,509.74,1.4446e+05,-2.0093e+06,0,0,0,487.09,2006.2,0,,4.432,9,4.432,0
6.0099,24.161,7.6236e+06,0,2.624e-05,1.3285,1227.8,-74.906,0,508.23,1.4463e+05,-2.0088e+06,0,0,0,487.32,2043.1,0,,4.448,9,4.448,0
6.0141,24.654,7.6289e+06,0,2.6248e-05,1.309,1210.9,-73.595,0,506.56,1.4479e+05,-2.0083e+06,0,0,0,487.53,2076.5,0,,4.464,9,4.464,0
6.0187,25.144,7.6345e+06,0,2.6256e-05,1.2895,1194.1,-72.293,0,504.86,1.4497e+05,-2.0078e+06,0,0,0,487.75,2109.1,0,,4.48,9,4.48,0
6.0228,25.592,7.6396e+06,0,2.6263e-05,1.2703,1177.4,-71.082,0,502.89,1.4513e+05,-2.0073e+06,0,0,0,487.95,2136.5,0,,4.496,9,4.496,0
6.027,26.044,7.6447e+06,0,2.6271e-05,1.251,1160.6,-69.917,0,500.91,1.4529e+05,-2.0068e+06,0,0,0,488.15,2164.4,0,,4.512,9,4.512,0
6.0308,26.46,7.6494e+06,0,2.6278e-05,1.232,1143.9,-68.792,0,498.78,1.4544e+05,-2.0063e+06,0,0,0,488.35,2188.2,0,,4.528,9,4.528,0
6.0344,26.858,7.6538e+06,0,2.6285e-05,1.2131,1127.2,-67.686,0,496.59,1.4559e+05,-2.0059e+06,0,0,0,488.54,2210.1,0,,4.544,9,4.544,0
6.0381,27.248,7.6583e+06,0,2.6292e-05,1.1942,1110.7,-66.588,0,494.37,1.4574e+05,-2.0054e+06,0,0,0,488.73,2230.9,0,,4.56,9,4.56,0
6.0417,27.604,7.6627e+06,0,2.6298e-05,1.1756,1094.2,-65.59,0,491.99,1.4588e+05,-2.005e+06,0,0,0,488.91,2247.6,0,,4.576,9,4.576,0
6.0453,27.961,7.6671e+06,0,2.6305e-05,1.1569,1077.6,-64.593,0,489.61,1.4602e+05,-2.0045e+06,0,0,0,489.09,2264.4,0,,4.592,9,4.592,0
6.0485,28.29,7.6709e+06,0,2.6312e-05,1.1385,1061.2,-63.658,0,487.13,1.4615e+05,-2.0041e+06,0,0,0,489.27,2278.3,0,,4.608,9,4.608,0
6.0514,28.607,7.6744e+06,0,2.6318e-05,1.1202,1044.9,-62.753,0,484.59,1.4627e+05,-2.0038e+06,0,0,0,489.44,2290.7,0,,4.624,9,4.624,0
6.0545,28.915,7.678e+06,0,2.6324e-05,1.102,1028.6,-61.875,0,482,1.464e+05,-2.0034e+06,0,0,0,489.61,2301.9,0,,4.64,9,4.64,0
6.0577,29.204,7.6819e+06,0,2.633e-05,1.0839,1012.4,-61.09,0,479.25,1.4653e+05,-2.003e+06,0,0,0,489.77,2310.3,0,,4.656,9,4.656,0
6.061,29.49,7.6859e+06,0,2.6336e-05,1.0658,996.2,-60.31,0,476.49,1.4666e+05,-2.0026e+06,0,0,0,489.94,2318.3,0,,4.672,9,4.672,0
6.0645,29.745,7.6902e+06,0,2.6342e-05,1.0479,980.17,-59.596,0,473.58,1.4679e+05,-2.0022e+06,0,0,0,490.1,2322.6,0,,4.688,9,4.688,0
6.0679,29.997,7.6942e+06,0,2.6348e-05,1.0299,964.08,-58.898,0,470.69,1.4692e+05,-2.0018e+06,0,0,0,490.26,2326.8,0,,4.704,9,4.704,0
6.0707,30.211,7.6977e+06,0,2.6354e-05,1.0123,948.13,-58.23,0,467.78,1.4704e+05,-2.0014e+06,0,0,0,490.41,2327.8,0,,4.72,9,4.72,0
6.0735,30.409,7.7011e+06,0,2.6359e-05,0.9947,932.24,-57.564,0,464.9,1.4716e+05,-2.0011e+06,0,0,0,490.57,2327.6,0,,4.736,9,4.736,0
6.0763,30.602,7.7045e+06,0,2.6365e-05,0.97715,916.37,-56.882,0,462.06,1.4727e+05,-2.0007e+06,0,0,0,490.72,2327.1,0,,4.752,9,4.752,0
6.0791,30.757,7.7079e+06,0,2.637e-05,0.96002,900.82,-56.265,0,459.06,1.4738e+05,-2.0004e+06,0,0,0,490.87,2322.4,0,,4.768,9,4.768,0
6.0815,30.908,7.7108e+06,0,2.6376e-05,0.94284,885.17,-55.671,0,456.11,1.4749e+05,-2e+06,0,0,0,491.01,2317.9,0,,4.784,9,4.784,0
6.0839,31.048,7.7138e+06,0,2.6381e-05,0.92579,869.62,-55.093,0,453.14,1.4759e+05,-1.9997e+06,0,0,0,491.16,2312.4,0,,4.8,9,4.8,0
6.0862,31.149,7.7166e+06,0,2.6386e-05,0.90913,854.39,-54.567,0,450.11,1.4769e+05,-1.9994e+06,0,0,0,491.29,2303.6,0,,4.816,9,4.816,0
6.0885,31.251,7.7194e+06,0,2.6391e-05,0.89248,839.15,-54.042,0,447.08,1.4779e+05,-1.9991e+06,0,0,0,491.43,2294.7,0,,4.832,9,4.832,0
6.0908,31.353,7.7222e+06,0,2.6396e-05,0.87581,823.9,-53.493,0,444.06,1.4788e+05,-1.9988e+06,0,0,0,491.56,2285.8,0,,4.848,9,4.848,0
6.0926,31.397,7.7244e+06,0,2.6401e-05,0.85978,809.13,-52.999,0,440.98,1.4797e+05,-1.9986e+06,0,0,0,491.69,2272.5,0,,4.864,9,4.864,0
6.0943,31.433,7.7264e+06,0,2.6405e-05,0.84383,794.4,-52.545,0,437.89,1.4805e+05,-1.9983e+06,0,0,0,491.81,2258.5,0,,4.88,9,4.88,0
6.096,31.47,7.7285e+06,0,2.641e-05,0.82786,779.65,-52.088,0,434.8,1.4813e+05,-1.9981e+06,0,0,0,491.94,2244.6,0,,4.896,9,4.896,0
6.0976,31.508,7.7304e+06,0,2.6414e-05,0.81187,764.89,-51.627,0,431.71,1.4821e+05,-1.9978e+06,0,0,0,492.06,2230.8,0,,4.912,9,4.912,0
6.0989,31.512,7.732e+06,0,2.6418e-05,0.79625,750.4,-51.274,0,428.5,1.4828e+05,-1.9976e+06,0,0,0,492.18,2214.1,0,,4.928,9,4.928,0
6.0998,31.488,7.733e+06,0,2.6423e-05,0.78092,736.1,-50.876,0,425.17,1.4833e+05,-1.9974e+06,0,0,0,492.29,2194.9,0,,4.944,9,4.944,0
6.1006,31.465,7.734e+06,0,2.6427e-05,0.76559,721.81,-50.479,0,421.83,1.4839e+05,-1.9973e+06,0,0,0,492.41,2175.7,0,,4.96,9,4.96,0
6.1019,31.423,7.7356e+06,0,2.6431e-05,0.75043,707.71,-50.165,0,418.56,1.4846e+05,-1.9971e+06,0,0,0,492.52,2155.5,0,,4.976,9,4.976,0
6.1034,31.373,7.7376e+06,0,2.6435e-05,0.73537,693.71,-49.896,0,415.31,1.4853e+05,-1.9968e+06,0,0,0,492.64,2134.8,0,,4.992,9,4.992,0
6.1042,31.304,7.7387e+06,0,2.644e-05,0.72045,679.77,-49.658,0,412.02,1.4859e+05,-1.9967e+06,0,0,0,492.76,2113.1,0,,5.008,9,5.008,0
6.105,31.223,7.7399e+06,0,2.6444e-05,0.70569,665.95,-49.475,0,408.67,1.4864e+05,-1.9965e+06,0,0,0,492.88,2090.1,0,,5.024,9,5.024,0
6.1058,31.13,7.741e+06,0,2.6448e-05,0.69102,652.22,-49.328,0,405.28,1.487e+05,-1.9963e+06,0,0,0,492.99,2066.4,0,,5.04,9,5.04,0
6.1065,31.024,7.7422e+06,0,2.6453e-05,0.67648,638.59,-49.222,0,401.86,1.4876e+05,-1.9961e+06,0,0,0,493.11,2041.7,0,,5.056,9,5.056,0
6.1065,30.895,7.7424e+06,0,2.6457e-05,0.66219,625.11,-49.046,0,398.42,1.4879e+05,-1.996e+06,0,0,0,493.22,2015.9,0,,5.072,9,5.072,0
6.1066,30.76,7.7428e+06,0,2.6461e-05,0.64798,611.71,-49.025,0,394.95,1.4883e+05,-1.9959e+06,0,0,0,493.34,1989.5,0,,5.088,9,5.088,0
6.1076,30.617,7.7443e+06,0,2.6465e-05,0.63394,598.54,-49.035,0,391.38,1.4889e+05,-1.9957e+06,0,0,0,493.45,1962.1,0,,5.104,9,5.104,0
6.1093,30.473,7.7468e+06,0,2.6469e-05,0.61989,585.42,-49.157,0,387.71,1.4897e+05,-1.9955e+06,0,0,0,493.56,1933.9,0,,5.12,9,5.12,0
6.1117,30.323,7.7503e+06,0,2.6473e-05,0.60605,572.54,-49.289,0,384.17,1.4906e+05,-1.9952e+06,0,0,0,493.68,1906.2,0,,5.136,9,5.136,0
6.1138,30.168,7.7534e+06,0,2.6478e-05,0.5923,559.71,-49.398,0,380.63,1.4915e+05,-1.9949e+06,0,0,0,493.8,1878.3,0,,5.152,9,5.152,0
6.1148,29.992,7.7553e+06,0,2.6482e-05,0.57873,546.93,-49.516,0,377.02,1.4922e+05,-1.9947e+06,0,0,0,493.93,1849.3,0,,5.168,9,5.168,0
6.1151,29.805,7.7564e+06,0,2.6487e-05,0.56531,534.26,-49.557,0,373.47,1.4927e+05,-1.9946e+06,0,0,0,494.05,1820.4,0,,5.184,9,5.184,0
6.1144,29.598,7.756e+06,0,2.6491e-05,0.55217,521.75,-49.469,0,370,1.4929e+05,-1.9945e+06,0,0,0,494.16,1791.2,0,,5.2,9,5.2,0
6.1137,29.384,7.7559e+06,0,2.6496e-05,0.539,509.21,-49.573,0,366.42,1.4931e+05,-1.9944e+06,0,0,0,494.29,1761.1,0,,5.216,9,5.216,0
6.1116,29.149,7.7539e+06,0,2.65e-05,0.52623,496.93,-49.537,0,362.93,1.493e+05,-1.9945e+06,0,0,0,494.41,1731.1,0,,5.232,9,5.232,0
6.11,28.907,7.7526e+06,0,2.6505e-05,0.51353,484.76,-49.641,0,359.41,1.493e+05,-1.9945e+06,0,0,0,494.53,1700.5,0,,5.248,9,5.248,0
6.1086,28.656,7.7517e+06,0,2.6509e-05,0.50092,472.67,-49.863,0,355.83,1.4931e+05,-1.9944e+06,0,0,0,494.65,1669.3,0,,5.264,9,5.264,0
6.1088,28.402,7.7526e+06,0,2.6513e-05,0.48836,460.7,-50.299,0,352.25,1.4935e+05,-1.9943e+06,0,0,0,494.77,1637.8,0,,5.28,9,5.28,0
6.1092,28.143,7.7539e+06,0,2.6518e-05,0.47584,448.79,-50.811,0,348.65,1.494e+05,-1.9942e+06,0,0,0,494.89,1606.1,0,,5.296,9,5.296,0
6.1083,27.869,7.7535e+06,0,2.6522e-05,0.46371,437.16,-51.096,0,345.14,1.4942e+05,-1.9941e+06,0,0,0,495,1574.7,0,,5.312,9,5.312,0
6.1097,27.591,7.7563e+06,0,2.6527e-05,0.45148,425.55,-51.799,0,341.51,1.4949e+05,-1.9939e+06,0,0,0,495.13,1542.4,0,,5.328,9,5.328,0
6.1106,27.305,7.7584e+06,0,2.6531e-05,0.43946,414.1,-52.39,0,337.9,1.4955e+05,-1.9937e+06,0,0,0,495.25,1509.9,0,,5.344,9,5.344,0
6.111,27.005,7.7598e+06,0,2.6536e-05,0.42769,402.83,-52.928,0,334.32,1.496e+05,-1.9936e+06,0,0,0,495.38,1477.5,0,,5.36,9,5.36,0
6.112,26.7,7.7623e+06,0,2.6541e-05,0.41588,391.54,-53.644,0,330.7,1.4967e+05,-1.9933e+06,0,0,0,495.51,1444.7,0,,5.376,9,5.376,0
6.1124,26.387,7.7639e+06,0,2.6545e-05,0.40434,380.48,-54.222,0,327.2,1.4972e+05,-1.9932e+06,0,0,0,495.64,1412.6,0,,5.392,9,5.392,0
6.1125,26.069,7.7651e+06,0,2.655e-05,0.39291,369.48,-54.766,0,323.73,1.4977e+05,-1.9931e+06,0,0,0,495.76,1380.7,0,,5.408,9,5.408,0
6.1121,25.734,7.7657e+06,0,2.6554e-05,0.38188,358.82,-55.321,0,320.33,1.498e+05,-1.993e+06,0,0,0,495.88,1348.8,0,,5.424,9,5.424,0
6.1127,25.394,7.7677e+06,0,2.6559e-05,0.37081,348.16,-55.97,0,316.88,1.4985e+05,-1.9928e+06,0,0,0,496.01,1316.5,0,,5.44,9,5.44,0
6.1151,25.041,7.7721e+06,0,2.6564e-05,0.35953,337.32,-56.889,0,313.31,1.4995e+05,-1.9925e+06,0,0,0,496.15,1283,0,,5.456,9,5.456,0
6.1135,24.632,7.7714e+06,0,2.6569e-05,0.34826,326.22,-57.904,0,309.34,1.4996e+05,-1.9924e+06,0,0,0,496.3,1246.6,0,,5.472,9,5.472,0
6.1121,24.23,7.7712e+06,0,2.6574e-05,0.33705,315.2,-58.858,0,305.44,1.4998e+05,-1.9924e+06,0,0,0,496.44,1210.9,0,,5.488,9,5.488,0
6.1104,23.824,7.7704e+06,0,2.6579e-05,0.32658,304.85,-59.628,0,301.68,1.4998e+05,-1.9924e+06,0,0,0,496.57,1176.7,0,,5.504,9,5.504,0
6.1082,23.41,7.769e+06,0,2.6584e-05,0.31638,294.72,-60.365,0,297.93,1.4997e+05,-1.9924e+06,0,0,0,496.71,1142.8,0,,5.52,9,5.52,0
6.1059,22.996,7.7675e+06,0,2.6589e-05,0.30617,284.6,-61.102,0,294.19,1.4996e+05,-1.9924e+06,0,0,0,496.84,1108.8,0,,5.536,9,5.536,0
6.1033,22.584,7.7656e+06,0,2.6594e-05,0.29592,274.41,-61.831,0,290.49,1.4994e+05,-1.9925e+06,0,0,0,496.97,1075,0,,5.552,9,5.552,0
6.1007,22.176,7.7637e+06,0,2.6598e-05,0.28667,265.21,-62.313,0,286.97,1.4992e+05,-1.9926e+06,0,0,0,497.1,1043.6,0,,5.568,9,5.568,0
6.0983,21.757,7.762e+06,0,2.6603e-05,0.27775,256.29,-62.799,0,283.47,1.4991e+05,-1.9926e+06,0,0,0,497.22,1012,0,,5.584,9,5.584,0
6.096,21.338,7.7604e+06,0,2.6607e-05,0.2688,247.34,-63.302,0,279.95,1.4989e+05,-1.9927e+06,0,0,0,497.34,980.42,0,,5.6,9,5.6,0
6.0939,20.917,7.759e+06,0,2.6612e-05,0.25993,238.46,-63.818,0,276.45,1.4988e+05,-1.9927e+06,0,0,0,497.46,948.96,0,,5.616,9,5.616,0
6.0924,20.487,7.7585e+06,0,2.6616e-05,0.25153,230,-64.407,0,273.02,1.4988e+05,-1.9927e+06,0,0,0,497.58,918.37,0,,5.632,9,5.632,0
6.091,20.056,7.758e+06,0,2.662e-05,0.24313,221.53,-64.996,0,269.58,1.4989e+05,-1.9927e+06,0,0,0,497.7,887.79,0,,5.648,9,5.648,0
6.0898,19.623,7.7579e+06,0,2.6625e-05,0.23505,213.31,-65.551,0,266.23,1.499e+05,-1.9926e+06,0,0,0,497.82,858.07,0,,5.664,9,5.664,0
6.089,19.198,7.7582e+06,0,2.6629e-05,0.22709,205.24,-66.051,0,262.97,1.4992e+05,-1.9926e+06,0,0,0,497.93,829.22,0,,5.68,9,5.68,0
6.0882,18.751,7.7588e+06,0,2.6633e-05,0.21917,197.13,-66.695,0,259.59,1.4994e+05,-1.9925e+06,0,0,0,498.06,799.61,0,,5.696,9,5.696,0
6.0877,18.301,7.7596e+06,0,2.6638e-05,0.21143,189.1,-67.31,0,256.21,1.4997e+05,-1.9924e+06,0,0,0,498.18,770.4,0,,5.712,9,5.712,0
6.0863,17.862,7.7593e+06,0,2.6642e-05,0.20397,181.38,-67.806,0,252.96,1.4997e+05,-1.9924e+06,0,0,0,498.31,742.47,0,,5.728,9,5.728,0
6.0839,17.433,7.7577e+06,0,2.6647e-05,0.19688,174.01,-68.182,0,249.85,1.4995e+05,-1.9925e+06,0,0,0,498.42,715.94,0,,5.744,9,5.744,0
6.0825,16.967,7.7573e+06,0,2.6651e-05,0.18986,166.53,-68.81,0,246.48,1.4996e+05,-1.9925e+06,0,0,0,498.54,687.63,0,,5.76,9,5.76,0
6.0825,16.5,7.7589e+06,0,2.6655e-05,0.18287,159.08,-69.493,0,243.2,1.5e+05,-1.9923e+06,0,0,0,498.66,659.83,0,,5.776,9,5.776,0
6.0829,16.032,7.761e+06,0,2.666e-05,0.17593,151.58,-70.188,0,239.9,1.5005e+05,-1.9922e+06,0,0,0,498.78,632.28,0,,5.792,9,5.792,0
6.0813,15.552,7.7607e+06,0,2.6665e-05,0.16939,144.25,-70.947,0,236.5,1.5005e+05,-1.9922e+06,0,0,0,498.91,605.16,0,,5.808,9,5.808,0
6.0796,15.066,7.7603e+06,0,2.6669e-05,0.16286,136.89,-71.727,0,233.03,1.5006e+05,-1.9922e+06,0,0,0,499.05,577.73,0,,5.824,9,5.824,0
6.0778,14.596,7.7597e+06,0,2.6674e-05,0.15669,129.85,-72.461,0,229.73,1.5005e+05,-1.9922e+06,0,0,0,499.18,551.89,0,,5.84,9,5.84,0
6.076,14.136,7.7591e+06,0,2.6679e-05,0.15092,123.04,-73.156,0,226.49,1.5005e+05,-1.9922e+06,0,0,0,499.31,527.31,0,,5.856,9,5.856,0
6.0743,13.676,7.7586e+06,0,2.6683e-05,0.14515,116.23,-73.85,0,223.26,1.5005e+05,-1.9922e+06,0,0,0,499.43,502.73,0,,5.872,9,5.872,0
6.0735,13.217,7.7594e+06,0,2.6688e-05,0.13979,109.58,-74.655,0,220.07,1.5008e+05,-1.9921e+06,0,0,0,499.56,479.02,0,,5.888,9,5.888,0
6.0731,12.752,7.7606e+06,0,2.6693e-05,0.13455,102.97,-75.504,0,216.84,1.5011e+05,-1.992e+06,0,0,0,499.69,455.31,0,,5.904,9,5.904,0
6.0722,12.233,7.7616e+06,0,2.6698e-05,0.12947,96.155,-76.407,0,213.12,1.5014e+05,-1.9919e+06,0,0,0,499.84,429.49,0,,5.92,9,5.92,0
6.0712,11.722,7.7622e+06,0,2.6703e-05,0.12459,89.398,-77.305,0,209.43,1.5016e+05,-1.9918e+06,0,0,0,499.98,404.48,0,,5.936,9,5.936,0
6.0699,11.201,7.7628e+06,0,2.6709e-05,0.11999,82.705,-78.191,0,205.51,1.5018e+05,-1.9918e+06,0,0,0,500.14,379.36,0,,5.952,9,5.952,0
6.0684,10.695,7.7631e+06,0,2.6715e-05,0.1159,76.271,-79.025,0,201.57,1.5019e+05,-1.9917e+06,0,0,0,500.29,355.62,0,,5.968,9,5.968,0
6.0668,10.198,7.7632e+06,0,2.672e-05,0.11196,69.929,-79.84,0,197.68,1.5021e+05,-1.9917e+06,0,0,0,500.45,332.53,0,,5.984,9,5.984,0
6.0653,9.7026,7.7635e+06,0,2.6726e-05,0.10848,63.833,-80.606,0,193.57,1.5022e+05,-1.9917e+06,0,0,0,500.6,309.92,0,,6,9,6,0
6.0638,9.2107,7.7639e+06,0,2.6732e-05,0.1054,57.965,-81.331,0,189.33,1.5023e+05,-1.9916e+06,0,0,0,500.76,287.89,0,,6.016,9,6.016,0
6.0625,8.717,7.7645e+06,0,2.6738e-05,0.1026,52.267,-82.017,0,184.91,1.5026e+05,-1.9916e+06,0,0,0,500.92,266.15,0,,6.032,9,6.032,0
6.0613,8.2181,7.7654e+06,0,2.6744e-05,0.10039,46.897,-82.639,0,180.05,1.5028e+05,-1.9915e+06,0,0,0,501.09,244.85,0,,6.048,9,6.048,0
6.0602,7.7158,7.7664e+06,0,2.675e-05,0.098182,41.524,-83.265,0,175.2,1.5031e+05,-1.9914e+06,0,0,0,501.26,223.43,0,,6.064,9,6.064,0
6.0589,7.2202,7.7673e+06,0,2.6756e-05,0.096431,36.476,-83.837,0,170.07,1.5033e+05,-1.9913e+06,0,0,0,501.43,202.85,0,,6.08,9,6.08,0
6.0576,6.7542,7.7681e+06,0,2.6762e-05,0.095052,31.859,-84.243,0,164.65,1.5036e+05,-1.9912e+06,0,0,0,501.59,183.99,0,,6.096,9,6.096,0
6.0562,6.2899,7.7688e+06,0,2.6768e-05,0.093753,27.385,-84.601,0,158.99,1.5038e+05,-1.9912e+06,0,0,0,501.76,165.3,0,,6.112,9,6.112,0
6.0549,5.81,7.7695e+06,0,2.6774e-05,0.092908,23.46,-84.865,0,151.94,1.504e+05,-1.9911e+06,0,0,0,501.93,146.42,0,,6.128,9,6.128,0
6.0536,5.3272,7.7704e+06,0,2.678e-05,0.092051,19.565,-85.103,0,144.75,1.5042e+05,-1.991e+06,0,0,0,502.1,127.4,0,,6.144,9,6.144,0
6.0523,4.9714,7.7708e+06,0,2.6786e-05,0.091479,16.71,-85.058,0,138.17,1.5044e+05,-1.991e+06,0,0,0,502.24,114.54,0,,6.16,9,6.16,0
6.0509,4.6146,7.7712e+06,0,2.6791e-05,0.090947,13.893,-85.012,0,131.56,1.5045e+05,-1.9909e+06,0,0,0,502.39,101.67,0,,6.176,9,6.176,0
6.0495,4.2578,7.7717e+06,0,2.6796e-05,0.090414,11.077,-84.967,0,124.94,1.5047e+05,-1.9909e+06,0,0,0,502.54,88.811,0,,6.192,9,6.192,0
6.0482,3.9263,7.7721e+06,0,2.6801e-05,0.089958,8.5754,-84.876,0,118.01,1.5048e+05,-1.9909e+06,0,0,0,502.68,77.015,0,,6.208,9,6.208,0
6.047,3.6341,7.7725e+06,0,2.6806e-05,0.089621,6.5676,-84.712,0,110.58,1.5049e+05,-1.9908e+06,0,0,0,502.81,66.891,0,,6.224,9,6.224,0
6.046,3.3711,7.7731e+06,0,2.681e-05,0.089211,4.8069,-84.45,0,103.12,1.5051e+05,-1.9908e+06,0,0,0,502.92,57.983,0,,6.24,9,6.24,0
6.0451,3.1269,7.7736e+06,0,2.6814e-05,0.088795,3.1926,-84.159,0,95.738,1.5052e+05,-1.9907e+06,0,0,0,503.04,49.794,0,,6.256,9,6.256,0
6.0442,2.9535,7.7739e+06,0,2.6818e-05,0.088439,2.0933,-83.835,0,88.932,1.5053e+05,-1.9907e+06,0,0,0,503.14,44.128,0,,6.272,9,6.272,0
6.0434,2.7801,7.7742e+06,0,2.6821e-05,0.088083,0.99391,-83.511,0,82.125,1.5054e+05,-1.9907e+06,0,0,0,503.23,38.462,0,,6.288,9,6.288,0
6.0425,2.6067,7.7746e+06,0,2.6825e-05,0.087728,-0.10544,-83.187,0,75.319,1.5055e+05,-1.9906e+06,0,0,0,503.33,32.797,0,,6.304,9,6.304,0
6.0418,2.4784,7.7751e+06,0,2.6828e-05,0.087294,-0.97662,-82.785,0,69.167,1.5057e+05,-1.9906e+06,0,0,0,503.42,28.456,0,,6.32,9,6.32,0
6.0415,2.4079,7.7757e+06,0,2.6831e-05,0.086848,-1.513,-82.351,0,63.806,1.5058e+05,-1.9906e+06,0,0,0,503.49,25.66,0,,6.336,9,6.336,0
6.0411,2.3354,7.7763e+06,0,2.6833e-05,0.086406,-2.0415,-81.919,0,58.435,1.506e+05,-1.9905e+06,0,0,0,503.56,22.827,0,,6.352,9,6.352,0
6.0407,2.2628,7.777e+06,0,2.6836e-05,0.085964,-2.5699,-81.488,0,53.065,1.5061e+05,-1.9905e+06,0,0,0,503.64,19.994,0,,6.368,9,6.368,0
6.0405,2.2283,7.7777e+06,0,2.6838e-05,0.085483,-2.9444,-81.023,0,48.247,1.5063e+05,-1.9904e+06,0,0,0,503.7,17.789,0,,6.384,9,6.384,0
6.0404,2.2382,7.7784e+06,0,2.684e-05,0.084956,-3.1387,-80.52,0,44.076,1.5064e+05,-1.9904e+06,0,0,0,503.75,16.319,0,,6.4,9,6.4,0
6.0403,2.2482,7.7791e+06,0,2.6842e-05,0.084428,-3.3329,-80.018,0,39.904,1.5066e+05,-1.9903e+06,0,0,0,503.81,14.85,0,,6.416,9,6.416,0
6.0402,2.2698,7.7797e+06,0,2.6844e-05,0.083922,-3.4869,-79.535,0,36.249,1.5067e+05,-1.9903e+06,0,0,0,503.86,13.6,0,,6.432,9,6.432,0
6.0402,2.3047,7.7804e+06,0,2.6846e-05,0.083439,-3.5955,-79.074,0,33.177,1.5068e+05,-1.9902e+06,0,0,0,503.91,12.598,0,,6.448,9,6.448,0
6.0401,2.3396,7.781e+06,0,2.6848e-05,0.082955,-3.7041,-78.613,0,30.105,1.507e+05,-1.9902e+06,0,0,0,503.95,11.596,0,,6.464,9,6.464,0
6.0403,2.4013,7.7818e+06,0,2.6849e-05,0.082367,-3.69,-78.057,0,27.819,1.5071e+05,-1.9901e+06,0,0,0,503.99,10.987,0,,6.48,9,6.48,0
6.0404,2.4631,7.7825e+06,0,2.685e-05,0.081777,-3.6753,-77.502,0,25.537,1.5073e+05,-1.9901e+06,0,0,0,504.03,10.379,0,,6.496,9,6.496,0
6.0405,2.5413,7.7832e+06,0,2.6852e-05,0.081183,-3.608,-76.944,0,24,1.5074e+05,-1.9901e+06,0,0,0,504.06,10.005,0,,6.512,9,6.512,0
6.0407,2.6285,7.7839e+06,0,2.6853e-05,0.080585,-3.5119,-76.385,0,22.871,1.5076e+05,-1.99e+06,0,0,0,504.09,9.7587,0,,6.528,9,6.528,0
6.0409,2.7156,7.7845e+06,0,2.6854e-05,0.079988,-3.4158,-75.826,0,21.743,1.5077e+05,-1.99e+06,0,0,0,504.12,9.5128,0,,6.544,9,6.544,0
6.0411,2.8016,7.7852e+06,0,2.6855e-05,0.079391,-3.3179,-75.266,0,20.502,1.5078e+05,-1.9899e+06,0,0,0,504.15,9.2346,0,,6.56,9,6.56,0
6.0413,2.8865,7.7859e+06,0,2.6856e-05,0.078796,-3.2181,-74.706,0,19.149,1.508e+05,-1.9899e+06,0,0,0,504.18,8.9239,0,,6.576,9,6.576,0
6.0414,2.9713,7.7866e+06,0,2.6857e-05,0.0782,-3.1184,-74.146,0,17.796,1.5081e+05,-1.9898e+06,0,0,0,504.21,8.6133,0,,6.592,9,6.592,0
6.0417,3.0583,7.7873e+06,0,2.6858e-05,0.077637,-3.017,-73.618,0,16.582,1.5083e+05,-1.9898e+06,0,0,0,504.24,8.3418,0,,6.608,9,6.608,0
6.0419,3.1465,7.7879e+06,0,2.6859e-05,0.07712,-2.9153,-73.139,0,15.642,1.5084e+05,-1.9898e+06,0,0,0,504.26,8.1435,0,,6.624,9,6.624,0
6.0421,3.2238,7.7884e+06,0,2.6859e-05,0.076594,-2.8257,-72.652,0,15.094,1.5085e+05,-1.9897e+06,0,0,0,504.28,8.0339,0,,6.64,9,6.64,0
6.0422,3.2936,7.7889e+06,0,2.686e-05,0.076031,-2.726,-72.127,0,14.63,1.5086e+05,-1.9897e+06,0,0,0,504.29,7.9409,0,,6.656,9,6.656,0
6.0424,3.3588,7.7894e+06,0,2.6861e-05,0.075447,-2.6203,-71.58,0,14.216,1.5087e+05,-1.9897e+06,0,0,0,504.31,7.8577,0,,6.672,9,6.672,0
6.0426,3.4241,7.7899e+06,0,2.6861e-05,0.074863,-2.5145,-71.033,0,13.802,1.5088e+05,-1.9896e+06,0,0,0,504.33,7.7745,0,,6.688,9,6.688,0
6.0427,3.4893,7.7904e+06,0,2.6862e-05,0.074279,-2.4088,-70.486,0,13.388,1.5089e+05,-1.9896e+06,0,0,0,504.35,7.6913,0,,6.704,9,6.704,0
6.0429,3.5546,7.7909e+06,0,2.6863e-05,0.073695,-2.3031,-69.938,0,12.975,1.509e+05,-1.9896e+06,0,0,0,504.37,7.6081,0,,6.72,9,6.72,0
6.0431,3.6192,7.7914e+06,0,2.6863e-05,0.073124,-2.1923,-69.405,0,12.577,1.5091e+05,-1.9895e+06,0,0,0,504.39,7.5283,0,,6.736,9,6.736,0
6.0433,3.6739,7.7919e+06,0,2.6864e-05,0.072591,-2.0643,-68.906,0,12.294,1.5092e+05,-1.9895e+06,0,0,0,504.4,7.4702,0,,6.752,9,6.752,0
6.0435,3.7172,7.7924e+06,0,2.6864e-05,0.072038,-1.9391,-68.386,0,12.088,1.5093e+05,-1.9895e+06,0,0,0,504.42,7.4247,0,,6.768,9,6.768,0
6.0437,3.7604,7.7929e+06,0,2.6865e-05,0.071484,-1.814,-67.866,0,11.882,1.5094e+05,-1.9895e+06,0,0,0,504.44,7.3792,0,,6.784,9,6.784,0
6.0439,3.8036,7.7934e+06,0,2.6866e-05,0.070931,-1.6888,-67.345,0,11.676,1.5095e+05,-1.9894e+06,0,0,0,504.45,7.3337,0,,6.8,9,6.8,0
6.0441,3.8469,7.7939e+06,0,2.6866e-05,0.070378,-1.5636,-66.825,0,11.47,1.5096e+05,-1.9894e+06,0,0,0,504.47,7.2883,0,,6.816,9,6.816,0
6.0443,3.8901,7.7944e+06,0,2.6867e-05,0.069825,-1.4384,-66.305,0,11.264,1.5097e+05,-1.9894e+06,0,0,0,504.48,7.2428,0,,6.832,9,6.832,0
6.0444,3.9341,7.7948e+06,0,2.6867e-05,0.069313,-1.2906,-65.826,0,11.066,1.5098e+05,-1.9893e+06,0,0,0,504.5,7.2025,0,,6.848,9,6.848,0
6.0445,3.9662,7.7952e+06,0,2.6868e-05,0.068828,-1.1701,-65.374,0,10.932,1.5099e+05,-1.9893e+06,0,0,0,504.52,7.1726,0,,6.864,9,6.864,0
6.0447,3.9867,7.7956e+06,0,2.6868e-05,0.068316,-1.0812,-64.89,0,10.844,1.5099e+05,-1.9893e+06,0,0,0,504.53,7.1503,0,,6.88,9,6.88,0
6.0448,4.0052,7.796e+06,0,2.6869e-05,0.0678,-0.99766,-64.399,0,10.763,1.51e+05,-1.9893e+06,0,0,0,504.55,7.1293,0,,6.896,9,6.896,0
6.0449,4.0238,7.7963e+06,0,2.687e-05,0.067283,-0.91413,-63.908,0,10.683,1.5101e+05,-1.9892e+06,0,0,0,504.56,7.1083,0,,6.912,9,6.912,0
6.045,4.0423,7.7967e+06,0,2.687e-05,0.066767,-0.83059,-63.417,0,10.602,1.5102e+05,-1.9892e+06,0,0,0,504.58,7.0873,0,,6.928,9,6.928,0
6.0451,4.0609,7.7971e+06,0,2.6871e-05,0.06625,-0.74706,-62.926,0,10.521,1.5102e+05,-1.9892e+06,0,0,0,504.59,7.0663,0,,6.944,9,6.944,0
6.0452,4.079,7.7974e+06,0,2.6871e-05,0.065751,-0.65344,-62.452,0,10.447,1.5103e+05,-1.9892e+06,0,0,0,504.61,7.0483,0,,6.96,9,6.96,0
6.0453,4.0968,7.7978e+06,0,2.6872e-05,0.065273,-0.54785,-61.996,0,10.38,1.5104e+05,-1.9891e+06,0,0,0,504.62,7.034,0,,6.976,9,6.976,0
6.0454,4.1146,7.7982e+06,0,2.6872e-05,0.064794,-0.44226,-61.541,0,10.313,1.5105e+05,-1.9891e+06,0,0,0,504.64,7.0197,0,,6.992,9,6.992,0
6.0455,4.1294,7.7984e+06,0,2.6873e-05,0.064347,-0.38514,-61.122,0,10.265,1.5105e+05,-1.9891e+06,0,0,0,504.65,7.0121,0,,7.008,9,7.008,0
6.0455,4.1433,7.7987e+06,0,2.6873e-05,0.06391,-0.34294,-60.716,0,10.223,1.5106e+05,-1.9891e+06,0,0,0,504.66,7.0067,0,,7.024,9,7.024,0
6.0456,4.1573,7.7989e+06,0,2.6874e-05,0.063474,-0.30073,-60.309,0,10.181,1.5106e+05,-1.9891e+06,0,0,0,504.67,7.0012,0,,7.04,9,7.04,0
6.0456,4.1664,7.7992e+06,0,2.6874e-05,0.063028,-0.29127,-59.89,0,10.155,1.5107e+05,-1.9891e+06,0,0,0,504.69,6.9982,0,,7.056,9,7.056,0
6.0456,4.1754,7.7994e+06,0,2.6875e-05,0.062583,-0.28263,-59.47,0,10.129,1.5107e+05,-1.989e+06,0,0,0,504.7,6.9953,0,,7.072,9,7.072,0
6.0457,4.1844,7.7997e+06,0,2.6875e-05,0.062138,-0.27399,-59.051,0,10.103,1.5108e+05,-1.989e+06,0,0,0,504.71,6.9925,0,,7.088,9,7.088,0
6.0457,4.1934,7.7999e+06,0,2.6875e-05,0.061693,-0.26535,-58.632,0,10.077,1.5108e+05,-1.989e+06,0,0,0,504.72,6.9896,0,,7.104,9,7.104,0
6.0458,4.2024,7.8002e+06,0,2.6876e-05,0.061257,-0.24418,-58.221,0,10.05,1.5109e+05,-1.989e+06,0,0,0,504.74,6.986,0,,7.12,9,7.12,0
6.0458,4.2079,7.8004e+06,0,2.6876e-05,0.060853,-0.22204,-57.838,0,10.031,1.5109e+05,-1.989e+06,0,0,0,504.75,6.9817,0,,7.136,9,7.136,0
6.0458,4.2125,7.8005e+06,0,2.6877e-05,0.060451,-0.20518,-57.458,0,10.015,1.511e+05,-1.989e+06,0,0,0,504.76,6.9776,0,,7.152,9,7.152,0
6.0458,4.2172,7.8007e+06,0,2.6877e-05,0.060048,-0.18722,-57.076,0,9.9976,1.511e+05,-1.989e+06,0,0,0,504.77,6.9735,0,,7.168,9,7.168,0
6.0458,4.222,7.8009e+06,0,2.6878e-05,0.059642,-0.16603,-56.69,0,9.9803,1.511e+05,-1.9889e+06,0,0,0,504.79,6.9694,0,,7.184,9,7.184,0
6.0458,4.2268,7.8011e+06,0,2.6878e-05,0.059236,-0.14483,-56.303,0,9.9631,1.5111e+05,-1.9889e+06,0,0,0,504.8,6.9653,0,,7.2,9,7.2,0
6.0458,4.2313,7.8013e+06,0,2.6879e-05,0.058828,-0.12969,-55.916,0,9.9466,1.5111e+05,-1.9889e+06,0,0,0,504.81,6.9614,0,,7.216,9,7.216,0
6.0458,4.235,7.8015e+06,0,2.6879e-05,0.058438,-0.142,-55.546,0,9.9377,1.5112e+05,-1.9889e+06,0,0,0,504.82,6.9612,0,,7.232,9,7.232,0
6.0459,4.2396,7.8017e+06,0,2.6879e-05,0.058071,-0.13959,-55.198,0,9.9299,1.5112e+05,-1.9889e+06,0,0,0,504.83,6.9632,0,,7.248,9,7.248,0
6.0459,4.2442,7.8019e+06,0,2.688e-05,0.057703,-0.13719,-54.85,0,9.9221,1.5113e+05,-1.9889e+06,0,0,0,504.84,6.9652,0,,7.264,9,7.264,0
6.0459,4.2488,7.8022e+06,0,2.688e-05,0.057335,-0.13479,-54.502,0,9.9143,1.5113e+05,-1.9889e+06,0,0,0,504.86,6.9673,0,,7.28,9,7.28,0
6.046,4.2534,7.8024e+06,0,2.6881e-05,0.056968,-0.13239,-54.154,0,9.9065,1.5113e+05,-1.9889e+06,0,0,0,504.87,6.9693,0,,7.296,9,7.296,0
6.046,4.258,7.8026e+06,0,2.6881e-05,0.0566,-0.12998,-53.806,0,9.8987,1.5114e+05,-1.9888e+06,0,0,0,504.88,6.9714,0,,7.312,9,7.312,0
6.046,4.2609,7.8027e+06,0,2.6881e-05,0.056253,-0.14013,-53.477,0,9.8938,1.5114e+05,-1.9888e+06,0,0,0,504.89,6.9725,0,,7.328,9,7.328,0
6.0459,4.2631,7.8028e+06,0,2.6882e-05,0.055911,-0.14228,-53.151,0,9.8892,1.5114e+05,-1.9888e+06,0,0,0,504.9,6.9731,0,,7.344,9,7.344,0
6.0459,4.2654,7.803e+06,0,2.6882e-05,0.05557,-0.14443,-52.826,0,9.8846,1.5115e+05,-1.9888e+06,0,0,0,504.91,6.9736,0,,7.36,9,7.36,0
6.0458,4.2677,7.8031e+06,0,2.6883e-05,0.055229,-0.14657,-52.5,0,9.88,1.5115e+05,-1.9888e+06,0,0,0,504.92,6.9742,0,,7.376,9,7.376,0
6.0458,4.2699,7.8032e+06,0,2.6883e-05,0.054888,-0.14872,-52.174,0,9.8754,1.5115e+05,-1.9888e+06,0,0,0,504.93,6.9747,0,,7.392,9,7.392,0
6.0458,4.2726,7.8033e+06,0,2.6883e-05,0.054553,-0.14699,-51.856,0,9.8712,1.5116e+05,-1.9888e+06,0,0,0,504.95,6.9762,0,,7.408,9,7.408,0
6.0458,4.2765,7.8035e+06,0,2.6884e-05,0.054242,-0.13258,-51.561,0,9.8684,1.5116e+05,-1.9888e+06,0,0,0,504.96,6.9806,0,,7.424,9,7.424,0
6.0458,4.2808,7.8037e+06,0,2.6884e-05,0.053931,-0.13434,-51.267,0,9.8664,1.5116e+05,-1.9888e+06,0,0,0,504.97,6.986,0,,7.44,9,7.44,0
6.0457,4.2852,7.8037e+06,0,2.6885e-05,0.053623,-0.15417,-50.975,0,9.8653,1.5116e+05,-1.9888e+06,0,0,0,504.98,6.9926,0,,7.456,9,7.456,0
6.0457,4.2897,7.8038e+06,0,2.6885e-05,0.053314,-0.17399,-50.683,0,9.8642,1.5117e+05,-1.9888e+06,0,0,0,504.99,6.9992,0,,7.472,9,7.472,0
6.0456,4.2942,7.8039e+06,0,2.6885e-05,0.053006,-0.19381,-50.392,0,9.8631,1.5117e+05,-1.9888e+06,0,0,0,504.99,7.0058,0,,7.488,9,7.488,0
6.0456,4.2979,7.804e+06,0,2.6886e-05,0.05269,-0.21372,-50.091,0,9.8623,1.5117e+05,-1.9887e+06,0,0,0,505,7.0113,0,,7.504,9,7.504,0
6.0456,4.3015,7.8041e+06,0,2.6886e-05,0.052373,-0.23364,-49.789,0,9.8615,1.5117e+05,-1.9887e+06,0,0,0,505.01,7.0166,0,,7.52,9,7.52,0
6.0455,4.3051,7.8042e+06,0,2.6886e-05,0.05206,-0.25458,-49.491,0,9.8609,1.5118e+05,-1.9887e+06,0,0,0,505.02,7.0221,0,,7.536,9,7.536,0
6.0455,4.3085,7.8043e+06,0,2.6887e-05,0.051766,-0.28244,-49.214,0,9.8614,1.5118e+05,-1.9887e+06,0,0,0,505.03,7.0281,0,,7.552,9,7.552,0
6.0454,4.312,7.8044e+06,0,2.6887e-05,0.051475,-0.30065,-48.937,0,9.862,1.5118e+05,-1.9887e+06,0,0,0,505.04,7.0342,0,,7.568,9,7.568,0
6.0454,4.3155,7.8046e+06,0,2.6887e-05,0.051187,-0.30729,-48.66,0,9.8627,1.5118e+05,-1.9887e+06,0,0,0,505.05,7.0406,0,,7.584,9,7.584,0
6.0454,4.319,7.8047e+06,0,2.6888e-05,0.050898,-0.31392,-48.383,0,9.8634,1.5119e+05,-1.9887e+06,0,0,0,505.07,7.0469,0,,7.6,9,7.6,0
6.0454,4.3223,7.8049e+06,0,2.6888e-05,0.050609,-0.32568,-48.106,0,9.8645,1.5119e+05,-1.9887e+06,0,0,0,505.08,7.0532,0,,7.616,9,7.616,0
6.0454,4.3252,7.805e+06,0,2.6889e-05,0.050319,-0.35141,-47.827,0,9.8664,1.5119e+05,-1.9887e+06,0,0,0,505.08,7.0593,0,,7.632,9,7.632,0
6.0455,4.328,7.8052e+06,0,2.6889e-05,0.050029,-0.37714,-47.548,0,9.8683,1.512e+05,-1.9887e+06,0,0,0,505.09,7.0654,0,,7.648,9,7.648,0
6.0455,4.3309,7.8054e+06,0,2.6889e-05,0.049739,-0.40286,-47.269,0,9.8702,1.512e+05,-1.9887e+06,0,0,0,505.1,7.0714,0,,7.664,9,7.664,0
6.0455,4.3336,7.8055e+06,0,2.689e-05,0.049452,-0.43075,-46.993,0,9.8721,1.512e+05,-1.9886e+06,0,0,0,505.11,7.0774,0,,7.68,9,7.68,0
6.0455,4.3358,7.8056e+06,0,2.689e-05,0.049195,-0.48073,-46.75,0,9.8735,1.512e+05,-1.9886e+06,0,0,0,505.12,7.082,0,,7.696,9,7.696,0
6.0454,4.338,7.8057e+06,0,2.689e-05,0.048938,-0.53071,-46.506,0,9.8749,1.5121e+05,-1.9886e+06,0,0,0,505.13,7.0866,0,,7.712,9,7.712,0
6.0454,4.3403,7.8058e+06,0,2.689e-05,0.048681,-0.58069,-46.263,0,9.8764,1.5121e+05,-1.9886e+06,0,0,0,505.14,7.0913,0,,7.728,9,7.728,0
6.0454,4.3425,7.8058e+06,0,2.6891e-05,0.048424,-0.63067,-46.02,0,9.8778,1.5121e+05,-1.9886e+06,0,0,0,505.15,7.0959,0,,7.744,9,7.744,0
6.0453,4.3447,7.8059e+06,0,2.6891e-05,0.048167,-0.68066,-45.776,0,9.8792,1.5121e+05,-1.9886e+06,0,0,0,505.15,7.1005,0,,7.76,9,7.76,0
6.0453,4.3469,7.806e+06,0,2.6891e-05,0.04791,-0.73064,-45.533,0,9.8806,1.5121e+05,-1.9886e+06,0,0,0,505.16,7.1051,0,,7.776,9,7.776,0
6.0452,4.3491,7.8061e+06,0,2.6892e-05,0.047653,-0.78062,-45.289,0,9.8821,1.5122e+05,-1.9886e+06,0,0,0,505.17,7.1098,0,,7.792,9,7.792,0
6.0452,4.3513,7.8062e+06,0,2.6892e-05,0.047396,-0.8306,-45.046,0,9.8835,1.5122e+05,-1.9886e+06,0,0,0,505.18,7.1144,0,,7.808,9,7.808,0
6.0452,4.3552,7.8063e+06,0,2.6892e-05,0.047139,-0.86376,-44.802,0,9.8848,1.5122e+05,-1.9886e+06,0,0,0,505.19,7.1218,0,,7.824,9,7.824,0
6.0452,4.3604,7.8064e+06,0,2.6893e-05,0.046883,-0.8854,-44.558,0,9.886,1.5122e+05,-1.9886e+06,0,0,0,505.2,7.1311,0,,7.84,9,7.84,0
6.0452,4.3655,7.8065e+06,0,2.6893e-05,0.046627,-0.90705,-44.313,0,9.8871,1.5123e+05,-1.9886e+06,0,0,0,505.2,7.1404,0,,7.856,9,7.856,0
6.0452,4.3707,7.8067e+06,0,2.6893e-05,0.046371,-0.9287,-44.069,0,9.8883,1.5123e+05,-1.9886e+06,0,0,0,505.21,7.1497,0,,7.872,9,7.872,0
6.0452,4.3758,7.8068e+06,0,2.6893e-05,0.046115,-0.95034,-43.825,0,9.8895,1.5123e+05,-1.9886e+06,0,0,0,505.22,7.159,0,,7.888,9,7.888,0
6.0452,4.3811,7.8069e+06,0,2.6894e-05,0.04587,-0.9829,-43.591,0,9.8919,1.5123e+05,-1.9886e+06,0,0,0,505.23,7.1696,0,,7.904,9,7.904,0
6.0452,4.3866,7.8071e+06,0,2.6894e-05,0.045633,-1.022,-43.364,0,9.895,1.5124e+05,-1.9885e+06,0,0,0,505.24,7.1809,0,,7.92,9,7.92,0
6.0453,4.3921,7.8072e+06,0,2.6894e-05,0.045396,-1.0611,-43.137,0,9.8981,1.5124e+05,-1.9885e+06,0,0,0,505.24,7.1922,0,,7.936,9,7.936,0
6.0453,4.3972,7.8073e+06,0,2.6894e-05,0.045165,-1.1103,-42.917,0,9.9009,1.5124e+05,-1.9885e+06,0,0,0,505.25,7.2026,0,,7.952,9,7.952,0
6.0453,4.4021,7.8074e+06,0,2.6895e-05,0.04494,-1.168,-42.701,0,9.9033,1.5124e+05,-1.9885e+06,0,0,0,505.26,7.2123,0,,7.968,9,7.968,0
6.0453,4.4069,7.8075e+06,0,2.6895e-05,0.044715,-1.2257,-42.486,0,9.9058,1.5125e+05,-1.9885e+06,0,0,0,505.26,7.2221,0,,7.984,9,7.984,0
6.0453,4.4118,7.8077e+06,0,2.6895e-05,0.04449,-1.2835,-42.27,0,9.9083,1.5125e+05,-1.9885e+06,0,0,0,505.27,7.2318,0,,8,9,8,0
6.0453,4.4166,7.8078e+06,0,2.6895e-05,0.044265,-1.3412,-42.055,0,9.9108,1.5125e+05,-1.9885e+06,0,0,0,505.28,7.2415,0,,8.016,9,8.016,0
6.0453,4.4227,7.8078e+06,0,2.6896e-05,0.044039,-1.4122,-41.839,0,9.9129,1.5125e+05,-1.9885e+06,0,0,0,505.28,7.2531,0,,8.032,9,8.032,0
6.0452,4.4289,7.8079e+06,0,2.6896e-05,0.043813,-1.4842,-41.623,0,9.9151,1.5125e+05,-1.9885e+06,0,0,0,505.29,7.2648,0,,8.048,9,8.048,0
6.0452,4.4351,7.8079e+06,0,2.6896e-05,0.043587,-1.5562,-41.408,0,9.9173,1.5125e+05,-1.9885e+06,0,0,0,505.3,7.2765,0,,8.064,9,8.064,0
6.0451,4.4412,7.8079e+06,0,2.6896e-05,0.043361,-1.6282,-41.192,0,9.9195,1.5126e+05,-1.9885e+06,0,0,0,505.3,7.2882,0,,8.08,9,8.08,0
6.0451,4.4474,7.808e+06,0,2.6897e-05,0.043135,-1.7002,-40.976,0,9.9216,1.5126e+05,-1.9885e+06,0,0,0,505.31,7.2998,0,,8.096,9,8.096,0
6.045,4.4536,7.808e+06,0,2.6897e-05,0.042909,-1.7722,-40.761,0,9.9238,1.5126e+05,-1.9885e+06,0,0,0,505.32,7.3115,0,,8.112,9,8.112,0
6.045,4.4598,7.8081e+06,0,2.6897e-05,0.042683,-1.8443,-40.545,0,9.926,1.5126e+05,-1.9885e+06,0,0,0,505.32,7.3232,0,,8.128,9,8.128,0
6.0449,4.4662,7.8081e+06,0,2.6897e-05,0.042463,-1.9141,-40.334,0,9.9283,1.5126e+05,-1.9885e+06,0,0,0,505.33,7.3354,0,,8.144,9,8.144,0
6.0449,4.473,7.8081e+06,0,2.6898e-05,0.042259,-1.9787,-40.133,0,9.9308,1.5126e+05,-1.9885e+06,0,0,0,505.34,7.3489,0,,8.16,9,8.16,0
6.0448,4.4799,7.8082e+06,0,2.6898e-05,0.042055,-2.0433,-39.933,0,9.9334,1.5126e+05,-1.9885e+06,0,0,0,505.34,7.3623,0,,8.176,9,8.176,0
6.0448,4.4868,7.8082e+06,0,2.6898e-05,0.041851,-2.1079,-39.732,0,9.936,1.5126e+05,-1.9885e+06,0,0,0,505.35,7.3757,0,,8.192,9,8.192,0
6.0448,4.4922,7.8083e+06,0,2.6898e-05,0.041645,-2.1845,-39.53,0,9.9391,1.5126e+05,-1.9885e+06,0,0,0,505.35,7.3871,0,,8.208,9,8.208,0
6.0447,4.4974,7.8083e+06,0,2.6898e-05,0.041438,-2.2629,-39.328,0,9.9422,1.5127e+05,-1.9885e+06,0,0,0,505.36,7.398,0,,8.224,9,8.224,0
6.0447,4.5027,7.8084e+06,0,2.6899e-05,0.041231,-2.3413,-39.125,0,9.9453,1.5127e+05,-1.9885e+06,0,0,0,505.37,7.409,0,,8.24,9,8.24,0
6.0447,4.5079,7.8085e+06,0,2.6899e-05,0.041024,-2.4196,-38.923,0,9.9484,1.5127e+05,-1.9884e+06,0,0,0,505.37,7.42,0,,8.256,9,8.256,0
6.0447,4.5131,7.8086e+06,0,2.6899e-05,0.040817,-2.498,-38.721,0,9.9516,1.5127e+05,-1.9884e+06,0,0,0,505.38,7.431,0,,8.272,9,8.272,0
6.0447,4.5183,7.8086e+06,0,2.6899e-05,0.040611,-2.5764,-38.519,0,9.9547,1.5127e+05,-1.9884e+06,0,0,0,505.39,7.442,0,,8.288,9,8.288,0
6.0446,4.5238,7.8087e+06,0,2.69e-05,0.040406,-2.6583,-38.319,0,9.9579,1.5127e+05,-1.9884e+06,0,0,0,505.39,7.4535,0,,8.304,9,8.304,0
6.0446,4.53,7.8088e+06,0,2.69e-05,0.040209,-2.751,-38.125,0,9.9617,1.5127e+05,-1.9884e+06,0,0,0,505.4,7.4665,0,,8.32,9,8.32,0
6.0446,4.5362,7.8088e+06,0,2.69e-05,0.040012,-2.8437,-37.932,0,9.9654,1.5128e+05,-1.9884e+06,0,0,0,505.41,7.4796,0,,8.336,9,8.336,0
6.0445,4.5425,7.8089e+06,0,2.69e-05,0.039814,-2.9364,-37.739,0,9.9691,1.5128e+05,-1.9884e+06,0,0,0,505.41,7.4926,0,,8.352,9,8.352,0
6.0445,4.5487,7.8089e+06,0,2.6901e-05,0.039617,-3.029,-37.545,0,9.9728,1.5128e+05,-1.9884e+06,0,0,0,505.42,7.5056,0,,8.368,9,8.368,0
6.0445,4.556,7.809e+06,0,2.6901e-05,0.039437,-3.1209,-37.366,0,9.9766,1.5128e+05,-1.9884e+06,0,0,0,505.43,7.5205,0,,8.384,9,8.384,0
6.0444,4.5634,7.809e+06,0,2.6901e-05,0.039256,-3.2127,-37.188,0,9.9804,1.5128e+05,-1.9884e+06,0,0,0,505.43,7.5355,0,,8.4,9,8.4,0
6.0444,4.5707,7.8091e+06,0,2.6901e-05,0.039076,-3.3046,-37.009,0,9.9842,1.5128e+05,-1.9884e+06,0,0,0,505.44,7.5504,0,,8.416,9,8.416,0
6.0444,4.5781,7.8092e+06,0,2.6901e-05,0.038896,-3.3964,-36.831,0,9.988,1.5128e+05,-1.9884e+06,0,0,0,505.44,7.5654,0,,8.432,9,8.432,0
6.0444,4.5855,7.8093e+06,0,2.6902e-05,0.038716,-3.4882,-36.652,0,9.9918,1.5129e+05,-1.9884e+06,0,0,0,505.45,7.5803,0,,8.448,9,8.448,0
6.0444,4.5927,7.8093e+06,0,2.6902e-05,0.038537,-3.5796,-36.474,0,9.9956,1.5129e+05,-1.9884e+06,0,0,0,505.46,7.5951,0,,8.464,9,8.464,0
6.0444,4.5983,7.8094e+06,0,2.6902e-05,0.038365,-3.6618,-36.299,0,9.9987,1.5129e+05,-1.9884e+06,0,0,0,505.46,7.6069,0,,8.48,9,8.48,0
6.0443,4.604,7.8094e+06,0,2.6902e-05,0.038193,-3.744,-36.124,0,10.002,1.5129e+05,-1.9884e+06,0,0,0,505.47,7.6187,0,,8.496,9,8.496,0
6.0443,4.6096,7.8095e+06,0,2.6902e-05,0.038021,-3.8262,-35.949,0,10.005,1.5129e+05,-1.9884e+06,0,0,0,505.47,7.6305,0,,8.512,9,8.512,0
6.0443,4.6152,7.8095e+06,0,2.6903e-05,0.037849,-3.9084,-35.774,0,10.008,1.5129e+05,-1.9884e+06,0,0,0,505.48,7.6422,0,,8.528,9,8.528,0
6.0443,4.6208,7.8096e+06,0,2.6903e-05,0.037678,-3.9928,-35.6,0,10.011,1.5129e+05,-1.9884e+06,0,0,0,505.48,7.654,0,,8.544,9,8.544,0
6.0442,4.6266,7.8096e+06,0,2.6903e-05,0.037512,-4.0922,-35.43,0,10.014,1.5129e+05,-1.9884e+06,0,0,0,505.49,7.666,0,,8.56,9,8.56,0
6.0442,4.6324,7.8097e+06,0,2.6903e-05,0.037346,-4.1917,-35.26,0,10.017,1.5129e+05,-1.9884e+06,0,0,0,505.49,7.6779,0,,8.576,9,8.576,0
6.0442,4.6382,7.8097e+06,0,2.6903e-05,0.03718,-4.2911,-35.09,0,10.02,1.513e+05,-1.9884e+06,0,0,0,505.5,7.6898,0,,8.592,9,8.592,0
6.0441,4.6441,7.8097e+06,0,2.6904e-05,0.037014,-4.3906,-34.919,0,10.023,1.513e+05,-1.9884e+06,0,0,0,505.5,7.7017,0,,8.608,9,8.608,0
6.0441,4.6499,7.8098e+06,0,2.6904e-05,0.036848,-4.49,-34.749,0,10.026,1.513e+05,-1.9884e+06,0,0,0,505.51,7.7137,0,,8.624,9,8.624,0
6.044,4.6557,7.8098e+06,0,2.6904e-05,0.036682,-4.5895,-34.579,0,10.029,1.513e+05,-1.9884e+06,0,0,0,505.51,7.7256,0,,8.64,9,8.64,0
6.044,4.6616,7.8098e+06,0,2.6904e-05,0.036517,-4.6886,-34.409,0,10.032,1.513e+05,-1.9884e+06,0,0,0,505.52,7.7377,0,,8.656,9,8.656,0
6.044,4.6696,7.8099e+06,0,2.6904e-05,0.036365,-4.7786,-34.248,0,10.036,1.513e+05,-1.9884e+06,0,0,0,505.52,7.7543,0,,8.672,9,8.672,0
6.044,4.6776,7.8099e+06,0,2.6905e-05,0.036213,-4.8687,-34.087,0,10.04,1.513e+05,-1.9883e+06,0,0,0,505.53,7.771,0,,8.688,9,8.688,0
6.044,4.6856,7.81e+06,0,2.6905e-05,0.036061,-4.9588,-33.925,0,10.044,1.513e+05,-1.9883e+06,0,0,0,505.53,7.7876,0,,8.704,9,8.704,0
6.044,4.6936,7.8101e+06,0,2.6905e-05,0.035909,-5.0489,-33.764,0,10.048,1.513e+05,-1.9883e+06,0,0,0,505.54,7.8042,0,,8.72,9,8.72,0
6.044,4.7017,7.8102e+06,0,2.6905e-05,0.035757,-5.139,-33.603,0,10.052,1.5131e+05,-1.9883e+06,0,0,0,505.54,7.8209,0,,8.736,9,8.736,0
6.044,4.7097,7.8102e+06,0,2.6905e-05,0.035605,-5.2291,-33.441,0,10.056,1.5131e+05,-1.9883e+06,0,0,0,505.55,7.8375,0,,8.752,9,8.752,0
6.044,4.7166,7.8103e+06,0,2.6905e-05,0.035471,-5.3284,-33.293,0,10.06,1.5131e+05,-1.9883e+06,0,0,0,505.55,7.8519,0,,8.768,9,8.768,0
6.044,4.7235,7.8103e+06,0,2.6906e-05,0.035338,-5.4286,-33.146,0,10.063,1.5131e+05,-1.9883e+06,0,0,0,505.56,7.8661,0,,8.784,9,8.784,0
6.0439,4.7303,7.8103e+06,0,2.6906e-05,0.035205,-5.5289,-33,0,10.067,1.5131e+05,-1.9883e+06,0,0,0,505.56,7.8804,0,,8.8,9,8.8,0
6.0439,4.7371,7.8104e+06,0,2.6906e-05,0.035073,-5.6292,-32.853,0,10.071,1.5131e+05,-1.9883e+06,0,0,0,505.56,7.8946,0,,8.816,9,8.816,0
6.0439,4.744,7.8104e+06,0,2.6906e-05,0.03494,-5.7294,-32.706,0,10.074,1.5131e+05,-1.9883e+06,0,0,0,505.57,7.9088,0,,8.832,9,8.832,0
6.0439,4.7508,7.8105e+06,0,2.6906e-05,0.034807,-5.8297,-32.559,0,10.078,1.5131e+05,-1.9883e+06,0,0,0,505.57,7.923,0,,8.848,9,8.848,0
6.0439,4.7577,7.8105e+06,0,2.6906e-05,0.034674,-5.9299,-32.412,0,10.081,1.5131e+05,-1.9883e+06,0,0,0,505.58,7.9373,0,,8.864,9,8.864,0
6.0438,4.7645,7.8105e+06,0,2.6906e-05,0.034541,-6.0302,-32.265,0,10.085,1.5131e+05,-1.9883e+06,0,0,0,505.58,7.9515,0,,8.88,9,8.88,0
6.0438,4.7714,7.8106e+06,0,2.6907e-05,0.034409,-6.1304,-32.119,0,10.089,1.5131e+05,-1.9883e+06,0,0,0,505.58,7.9657,0,,8.896,9,8.896,0
6.0438,4.7782,7.8106e+06,0,2.6907e-05,0.034276,-6.2307,-31.972,0,10.092,1.5132e+05,-1.9883e+06,0,0,0,505.59,7.9799,0,,8.912,9,8.912,0
6.0438,4.785,7.8106e+06,0,2.6907e-05,0.034143,-6.331,-31.825,0,10.096,1.5132e+05,-1.9883e+06,0,0,0,505.59,7.9941,0,,8.928,9,8.928,0
6.0438,4.7916,7.8107e+06,0,2.6907e-05,0.034007,-6.4343,-31.676,0,10.099,1.5132e+05,-1.9883e+06,0,0,0,505.6,8.0079,0,,8.944,9,8.944,0
6.0437,4.7979,7.8107e+06,0,2.6907e-05,0.033867,-6.542,-31.523,0,10.103,1.5132e+05,-1.9883e+06,0,0,0,505.6,8.0209,0,,8.96,9,8.96,0
6.0437,4.8041,7.8107e+06,0,2.6907e-05,0.033726,-6.6497,-31.371,0,10.106,1.5132e+05,-1.9883e+06,0,0,0,505.6,8.0339,0,,8.976,9,8.976,0
6.0437,4.8101,7.8108e+06,0,2.6907e-05,0.033597,-6.7616,-31.227,0,10.11,1.5132e+05,-1.9883e+06,0,0,0,505.61,8.0468,0,,8.992,9,8.992,0
6.0437,4.8162,7.8108e+06,0,2.6908e-05,0.033478,-6.8723,-31.089,0,10.114,1.5132e+05,-1.9883e+06,0,0,0,505.61,8.0598,0,,9.008,9,9.008,0
6.0437,4.8222,7.8108e+06,0,2.6908e-05,0.033367,-6.9771,-30.956,0,10.117,1.5132e+05,-1.9883e+06,0,0,0,505.61,8.0727,0,,9.024,9,9.024,0
6.0436,4.8283,7.8109e+06,0,2.6908e-05,0.033257,-7.082,-30.823,0,10.121,1.5132e+05,-1.9883e+06,0,0,0,505.62,8.0856,0,,9.04,9,9.04,0
6.0436,4.8344,7.8109e+06,0,2.6908e-05,0.033146,-7.1868,-30.69,0,10.124,1.5132e+05,-1.9883e+06,0,0,0,505.62,8.0985,0,,9.056,9,9.056,0
6.0436,4.8412,7.8109e+06,0,2.6908e-05,0.033036,-7.2882,-30.556,0,10.128,1.5132e+05,-1.9883e+06,0,0,0,505.62,8.1131,0,,9.072,9,9.072,0
6.0436,4.8481,7.8109e+06,0,2.6908e-05,0.032926,-7.389,-30.422,0,10.132,1.5132e+05,-1.9883e+06,0,0,0,505.63,8.128,0,,9.088,9,9.088,0
6.0436,4.8551,7.811e+06,0,2.6908e-05,0.032816,-7.4898,-30.287,0,10.136,1.5132e+05,-1.9883e+06,0,0,0,505.63,8.1429,0,,9.104,9,9.104,0
6.0436,4.8621,7.811e+06,0,2.6908e-05,0.032706,-7.5906,-30.153,0,10.139,1.5132e+05,-1.9883e+06,0,0,0,505.63,8.1578,0,,9.12,9,9.12,0
6.0436,4.869,7.811e+06,0,2.6908e-05,0.032596,-7.6913,-30.018,0,10.143,1.5133e+05,-1.9883e+06,0,0,0,505.64,8.1727,0,,9.136,9,9.136,0
6.0436,4.876,7.8111e+06,0,2.6909e-05,0.032485,-7.7921,-29.884,0,10.147,1.5133e+05,-1.9883e+06,0,0,0,505.64,8.1876,0,,9.152,9,9.152,0
6.0435,4.8829,7.8111e+06,0,2.6909e-05,0.032375,-7.8929,-29.749,0,10.151,1.5133e+05,-1.9883e+06,0,0,0,505.64,8.2025,0,,9.168,9,9.168,0
6.0435,4.8899,7.8111e+06,0,2.6909e-05,0.032265,-7.9936,-29.615,0,10.155,1.5133e+05,-1.9883e+06,0,0,0,505.65,8.2174,0,,9.184,9,9.184,0
6.0435,4.8968,7.8112e+06,0,2.6909e-05,0.032155,-8.0944,-29.48,0,10.159,1.5133e+05,-1.9883e+06,0,0,0,505.65,8.2323,0,,9.2,9,9.2,0
6.0435,4.9035,7.8112e+06,0,2.6909e-05,0.03205,-8.1963,-29.349,0,10.162,1.5133e+05,-1.9883e+06,0,0,0,505.65,8.2469,0,,9.216,9,9.216,0
6.0435,4.9099,7.8112e+06,0,2.6909e-05,0.031951,-8.3,-29.222,0,10.167,1.5133e+05,-1.9883e+06,0,0,0,505.65,8.2609,0,,9.232,9,9.232,0
6.0435,4.9162,7.8113e+06,0,2.6909e-05,0.031853,-8.4036,-29.096,0,10.171,1.5133e+05,-1.9883e+06,0,0,0,505.66,8.2749,0,,9.248,9,9.248,0
6.0435,4.9226,7.8113e+06,0,2.6909e-05,0.031755,-8.5073,-28.969,0,10.175,1.5133e+05,-1.9883e+06,0,0,0,505.66,8.2889,0,,9.264,9,9.264,0
6.0435,4.9289,7.8114e+06,0,2.6909e-05,0.031656,-8.611,-28.842,0,10.179,1.5133e+05,-1.9883e+06,0,0,0,505.66,8.3029,0,,9.28,9,9.28,0
6.0435,4.9352,7.8114e+06,0,2.6909e-05,0.031558,-8.7146,-28.716,0,10.183,1.5133e+05,-1.9882e+06,0,0,0,505.66,8.3169,0,,9.296,9,9.296,0
6.0435,4.9416,7.8114e+06,0,2.691e-05,0.03146,-8.8183,-28.589,0,10.187,1.5133e+05,-1.9882e+06,0,0,0,505.67,8.3309,0,,9.312,9,9.312,0
6.0435,4.948,7.8115e+06,0,2.691e-05,0.031362,-8.9216,-28.463,0,10.192,1.5133e+05,-1.9882e+06,0,0,0,505.67,8.345,0,,9.328,9,9.328,0
6.0435,4.9556,7.8115e+06,0,2.691e-05,0.031278,-9.02,-28.345,0,10.196,1.5133e+05,-1.9882e+06,0,0,0,505.67,8.3612,0,,9.344,9,9.344,0
6.0435,4.9632,7.8115e+06,0,2.691e-05,0.031193,-9.1184,-28.226,0,10.2,1.5134e+05,-1.9882e+06,0,0,0,505.67,8.3774,0,,9.36,9,9.36,0
6.0435,4.9707,7.8115e+06,0,2.691e-05,0.031108,-9.2168,-28.108,0,10.204,1.5134e+05,-1.9882e+06,0,0,0,505.68,8.3936,0,,9.376,9,9.376,0
6.0435,4.9783,7.8115e+06,0,2.691e-05,0.031024,-9.3152,-27.989,0,10.208,1.5134e+05,-1.9882e+06,0,0,0,505.68,8.4098,0,,9.392,9,9.392,0
6.0435,4.9859,7.8116e+06,0,2.691e-05,0.030939,-9.4136,-27.87,0,10.212,1.5134e+05,-1.9882e+06,0,0,0,505.68,8.426,0,,9.408,9,9.408,0
6.0435,4.9934,7.8116e+06,0,2.691e-05,0.030854,-9.512,-27.752,0,10.216,1.5134e+05,-1.9882e+06,0,0,0,505.68,8.4422,0,,9.424,9,9.424,0
6.0435,5.0001,7.8116e+06,0,2.691e-05,0.030769,-9.6139,-27.632,0,10.221,1.5134e+05,-1.9882e+06,0,0,0,505.68,8.4567,0,,9.44,9,9.44,0
6.0435,5.0067,7.8116e+06,0,2.691e-05,0.030683,-9.7158,-27.513,0,10.225,1.5134e+05,-1.9882e+06,0,0,0,505.69,8.4713,0,,9.456,9,9.456,0
6.0435,5.0133,7.8117e+06,0,2.691e-05,0.030598,-9.8177,-27.394,0,10.229,1.5134e+05,-1.9882e+06,0,0,0,505.69,8.4858,0,,9.472,9,9.472,0
6.0435,5.0199,7.8117e+06,0,2.691e-05,0.030514,-9.9189,-27.275,0,10.233,1.5134e+05,-1.9882e+06,0,0,0,505.69,8.5004,0,,9.488,9,9.488,0
6.0435,5.0265,7.8117e+06,0,2.691e-05,0.03044,-10.017,-27.162,0,10.237,1.5134e+05,-1.9882e+06,0,0,0,505.69,8.5151,0,,9.504,9,9.504,0
6.0435,5.0332,7.8118e+06,0,2.691e-05,0.030367,-10.115,-27.05,0,10.242,1.5134e+05,-1.9882e+06,0,0,0,505.69,8.5299,0,,9.52,9,9.52,0
6.0435,5.0398,7.8118e+06,0,2.6911e-05,0.030293,-10.213,-26.937,0,10.246,1.5134e+05,-1.9882e+06,0,0,0,505.69,8.5447,0,,9.536,9,9.536,0
6.0435,5.0464,7.8119e+06,0,2.6911e-05,0.030219,-10.311,-26.824,0,10.25,1.5134e+05,-1.9882e+06,0,0,0,505.7,8.5594,0,,9.552,9,9.552,0
6.0435,5.0531,7.8119e+06,0,2.6911e-05,0.030145,-10.409,-26.711,0,10.255,1.5134e+05,-1.9882e+06,0,0,0,505.7,8.5742,0,,9.568,9,9.568,0
6.0435,5.0597,7.8119e+06,0,2.6911e-05,0.030071,-10.507,-26.599,0,10.259,1.5134e+05,-1.9882e+06,0,0,0,505.7,8.589,0,,9.584,9,9.584,0
6.0435,5.0663,7.812e+06,0,2.6911e-05,0.029997,-10.604,-26.486,0,10.263,1.5134e+05,-1.9882e+06,0,0,0,505.7,8.6037,0,,9.6,9,9.6,0
6.0435,5.0727,7.812e+06,0,2.6911e-05,0.029922,-10.7,-26.371,0,10.267,1.5135e+05,-1.9882e+06,0,0,0,505.7,8.6183,0,,9.616,9,9.616,0
6.0436,5.079,7.8121e+06,0,2.6911e-05,0.029848,-10.796,-26.257,0,10.272,1.5135e+05,-1.9882e+06,0,0,0,505.7,8.6327,0,,9.632,9,9.632,0
6.0436,5.084,7.8121e+06,0,2.6911e-05,0.029787,-10.892,-26.151,0,10.276,1.5135e+05,-1.9882e+06,0,0,0,505.7,8.6445,0,,9.648,9,9.648,0
6.0436,5.089,7.8121e+06,0,2.6911e-05,0.029726,-10.987,-26.044,0,10.28,1.5135e+05,-1.9882e+06,0,0,0,505.7,8.6564,0,,9.664,9,9.664,0
6.0436,5.094,7.8121e+06,0,2.6911e-05,0.029664,-11.083,-25.937,0,10.284,1.5135e+05,-1.9882e+06,0,0,0,505.71,8.6682,0,,9.68,9,9.68,0
6.0436,5.099,7.8122e+06,0,2.6911e-05,0.029603,-11.179,-25.83,0,10.288,1.5135e+05,-1.9882e+06,0,0,0,505.71,8.68,0,,9.696,9,9.696,0
6.0436,5.104,7.8122e+06,0,2.6911e-05,0.029541,-11.274,-25.724,0,10.291,1.5135e+05,-1.9882e+06,0,0,0,505.71,8.6919,0,,9.712,9,9.712,0
6.0436,5.109,7.8122e+06,0,2.6911e-05,0.02948,-11.37,-25.617,0,10.295,1.5135e+05,-1.9882e+06,0,0,0,505.71,8.7037,0,,9.728,9,9.728,0
6.0436,5.114,7.8122e+06,0,2.6911e-05,0.029419,-11.465,-25.51,0,10.299,1.5135e+05,-1.9882e+06,0,0,0,505.71,8.7155,0,,9.744,9,9.744,0
6.0436,5.119,7.8122e+06,0,2.6911e-05,0.029357,-11.561,-25.403,0,10.303,1.5135e+05,-1.9882e+06,0,0,0,505.71,8.7274,0,,9.76,9,9.76,0
6.0436,5.124,7.8123e+06,0,2.6911e-05,0.029296,-11.656,-25.297,0,10.307,1.5135e+05,-1.9882e+06,0,0,0,505.71,8.7392,0,,9.776,9,9.776,0
6.0436,5.129,7.8123e+06,0,2.6911e-05,0.029234,-11.752,-25.19,0,10.311,1.5135e+05,-1.9882e+06,0,0,0,505.71,8.751,0,,9.792,9,9.792,0
6.0437,5.134,7.8123e+06,0,2.6911e-05,0.029173,-11.848,-25.083,0,10.315,1.5135e+05,-1.9882e+06,0,0,0,505.71,8.7629,0,,9.808,9,9.808,0
6.0437,5.139,7.8123e+06,0,2.6911e-05,0.029112,-11.943,-24.976,0,10.319,1.5135e+05,-1.9882e+06,0,0,0,505.71,8.7747,0,,9.824,9,9.824,0
6.0437,5.144,7.8124e+06,0,2.6911e-05,0.02905,-12.039,-24.87,0,10.323,1.5135e+05,-1.9882e+06,0,0,0,505.71,8.7865,0,,9.84,9,9.84,0
6.0437,5.1492,7.8124e+06,0,2.6911e-05,0.028992,-12.132,-24.764,0,10.327,1.5135e+05,-1.9882e+06,0,0,0,505.72,8.7991,0,,9.856,9,9.856,0
6.0437,5.1543,7.8124e+06,0,2.6911e-05,0.028944,-12.227,-24.663,0,10.332,1.5135e+05,-1.9882e+06,0,0,0,505.72,8.8115,0,,9.872,9,9.872,0
6.0437,5.1594,7.8124e+06,0,2.6911e-05,0.028896,-12.321,-24.562,0,10.336,1.5135e+05,-1.9882e+06,0,0,0,505.72,8.824,0,,9.888,9,9.888,0
6.0437,5.1645,7.8125e+06,0,2.6911e-05,0.028848,-12.415,-24.461,0,10.34,1.5136e+05,-1.9882e+06,0,0,0,505.72,8.8364,0,,9.904,9,9.904,0
6.0437,5.1695,7.8125e+06,0,2.6911e-05,0.0288,-12.509,-24.361,0,10.345,1.5136e+05,-1.9882e+06,0,0,0,505.72,8.8489,0,,9.92,9,9.92,0
6.0437,5.1746,7.8125e+06,0,2.6911e-05,0.028752,-12.604,-24.26,0,10.349,1.5136e+05,-1.9882e+06,0,0,0,505.72,8.8613,0,,9.936,9,9.936,0
6.0438,5.1797,7.8125e+06,0,2.6911e-05,0.028704,-12.698,-24.159,0,10.354,1.5136e+05,-1.9882e+06,0,0,0,505.72,8.8738,0,,9.952,9,9.952,0
6.0438,5.1848,7.8126e+06,0,2.6911e-05,0.028656,-12.792,-24.058,0,10.358,1.5136e+05,-1.9882e+06,0,0,0,505.72,8.8862,0,,9.968,9,9.968,0
6.0438,5.1899,7.8126e+06,0,2.6911e-05,0.028608,-12.886,-23.957,0,10.362,1.5136e+05,-1.9882e+06,0,0,0,505.72,8.8987,0,,9.984,9,9.984,0
6.0438,5.1949,7.8126e+06,0,2.6911e-05,0.02856,-12.981,-23.856,0,10.367,1.5136e+05,-1.9882e+06,0,0,0,505.72,8.9111,0,,10,9,10,0
6.0438,5.2,7.8126e+06,0,2.6911e-05,0.028512,-13.075,-23.755,0,10.371,1.5136e+05,-1.9882e+06,0,0,0,505.72,8.9236,0,,10.016,9,10.016,0
6.0438,5.2051,7.8127e+06,0,2.6911e-05,0.028464,-13.169,-23.654,0,10.376,1.5136e+05,-1.9882e+06,0,0,0,505.72,8.936,0,,10.032,9,10.032,0
6.0438,5.2102,7.8127e+06,0,2.6911e-05,0.028417,-13.263,-23.554,0,10.38,1.5136e+05,-1.9882e+06,0,0,0,505.72,8.9486,0,,10.048,9,10.048,0
6.0439,5.2156,7.8127e+06,0,2.6911e-05,0.028379,-13.353,-23.458,0,10.385,1.5136e+05,-1.9882e+06,0,0,0,505.72,8.9621,0,,10.064,9,10.064,0
6.0439,5.221,7.8127e+06,0,2.6911e-05,0.028341,-13.443,-23.362,0,10.39,1.5136e+05,-1.9882e+06,0,0,0,505.72,8.9756,0,,10.08,9,10.08,0
6.0439,5.2265,7.8127e+06,0,2.6911e-05,0.028302,-13.533,-23.265,0,10.395,1.5136e+05,-1.9882e+06,0,0,0,505.72,8.9891,0,,10.096,9,10.096,0
6.0439,5.2319,7.8128e+06,0,2.6911e-05,0.028264,-13.623,-23.169,0,10.4,1.5136e+05,-1.9882e+06,0,0,0,505.72,9.0026,0,,10.112,9,10.112,0
6.0439,5.2373,7.8128e+06,0,2.6911e-05,0.028226,-13.713,-23.073,0,10.404,1.5136e+05,-1.9882e+06,0,0,0,505.72,9.0161,0,,10.128,9,10.128,0
6.044,5.2427,7.8128e+06,0,2.6911e-05,0.028188,-13.804,-22.977,0,10.409,1.5136e+05,-1.9882e+06,0,0,0,505.72,9.0296,0,,10.144,9,10.144,0
6.044,5.2481,7.8128e+06,0,2.6911e-05,0.02815,-13.894,-22.881,0,10.414,1.5136e+05,-1.9882e+06,0,0,0,505.72,9.0431,0,,10.16,9,10.16,0
6.044,5.2535,7.8129e+06,0,2.6911e-05,0.028112,-13.984,-22.785,0,10.419,1.5136e+05,-1.9882e+06,0,0,0,505.72,9.0566,0,,10.176,9,10.176,0
6.044,5.2589,7.8129e+06,0,2.6911e-05,0.028074,-14.074,-22.689,0,10.424,1.5136e+05,-1.9882e+06,0,0,0,505.72,9.0701,0,,10.192,9,10.192,0
6.044,5.2643,7.8129e+06,0,2.6911e-05,0.028035,-14.164,-22.593,0,10.429,1.5136e+05,-1.9882e+06,0,0,0,505.72,9.0835,0,,10.208,9,10.208,0
6.0441,5.2695,7.8129e+06,0,2.6911e-05,0.027999,-14.253,-22.498,0,10.434,1.5136e+05,-1.9882e+06,0,0,0,505.72,9.0967,0,,10.224,9,10.224,0
6.0441,5.2737,7.813e+06,0,2.6911e-05,0.027967,-14.339,-22.404,0,10.439,1.5136e+05,-1.9882e+06,0,0,0,505.72,9.1084,0,,10.24,9,10.24,0
6.0441,5.2779,7.813e+06,0,2.6911e-05,0.027936,-14.425,-22.311,0,10.444,1.5136e+05,-1.9882e+06,0,0,0,505.72,9.1204,0,,10.256,9,10.256,0
6.0442,5.2829,7.813e+06,0,2.6911e-05,0.027906,-14.512,-22.219,0,10.449,1.5137e+05,-1.9882e+06,0,0,0,505.72,9.1335,0,,10.272,9,10.272,0
6.0442,5.288,7.813e+06,0,2.6911e-05,0.027876,-14.598,-22.126,0,10.454,1.5137e+05,-1.9881e+06,0,0,0,505.71,9.1466,0,,10.288,9,10.288,0
6.0442,5.293,7.8131e+06,0,2.6911e-05,0.027846,-14.684,-22.034,0,10.459,1.5137e+05,-1.9881e+06,0,0,0,505.71,9.1597,0,,10.304,9,10.304,0
6.0442,5.2981,7.8131e+06,0,2.6911e-05,0.027816,-14.77,-21.941,0,10.464,1.5137e+05,-1.9881e+06,0,0,0,505.71,9.1728,0,,10.32,9,10.32,0
6.0443,5.3031,7.8131e+06,0,2.6911e-05,0.027786,-14.857,-21.849,0,10.469,1.5137e+05,-1.9881e+06,0,0,0,505.71,9.1859,0,,10.336,9,10.336,0
6.0443,5.3081,7.8131e+06,0,2.6911e-05,0.027756,-14.943,-21.756,0,10.474,1.5137e+05,-1.9881e+06,0,0,0,505.71,9.199,0,,10.352,9,10.352,0
6.0443,5.3132,7.8132e+06,0,2.6911e-05,0.027726,-15.029,-21.664,0,10.479,1.5137e+05,-1.9881e+06,0,0,0,505.71,9.2121,0,,10.368,9,10.368,0
6.0444,5.3182,7.8132e+06,0,2.6911e-05,0.027696,-15.115,-21.572,0,10.484,1.5137e+05,-1.9881e+06,0,0,0,505.71,9.2252,0,,10.384,9,10.384,0
6.0444,5.3233,7.8132e+06,0,2.6911e-05,0.027666,-15.202,-21.479,0,10.489,1.5137e+05,-1.9881e+06,0,0,0,505.71,9.2383,0,,10.4,9,10.4,0
6.0444,5.3283,7.8132e+06,0,2.6911e-05,0.027636,-15.288,-21.387,0,10.494,1.5137e+05,-1.9881e+06,0,0,0,505.71,9.2514,0,,10.416,9,10.416,0
6.0445,5.3332,7.8133e+06,0,2.6911e-05,0.027611,-15.371,-21.297,0,10.499,1.5137e+05,-1.9881e+06,0,0,0,505.71,9.2644,0,,10.432,9,10.432,0
6.0445,5.3381,7.8133e+06,0,2.6911e-05,0.027588,-15.452,-21.209,0,10.504,1.5137e+05,-1.9881e+06,0,0,0,505.71,9.2774,0,,10.448,9,10.448,0
6.0445,5.343,7.8133e+06,0,2.6911e-05,0.027565,-15.534,-21.12,0,10.509,1.5137e+05,-1.9881e+06,0,0,0,505.7,9.2903,0,,10.464,9,10.464,0
6.0446,5.3479,7.8133e+06,0,2.6911e-05,0.027542,-15.615,-21.032,0,10.515,1.5137e+05,-1.9881e+06,0,0,0,505.7,9.3033,0,,10.48,9,10.48,0
6.0446,5.3528,7.8133e+06,0,2.6911e-05,0.027519,-15.696,-20.944,0,10.52,1.5137e+05,-1.9881e+06,0,0,0,505.7,9.3163,0,,10.496,9,10.496,0
6.0446,5.3576,7.8134e+06,0,2.6911e-05,0.027496,-15.778,-20.855,0,10.525,1.5137e+05,-1.9881e+06,0,0,0,505.7,9.3292,0,,10.512,9,10.512,0
6.0447,5.3625,7.8134e+06,0,2.6911e-05,0.027473,-15.859,-20.767,0,10.53,1.5137e+05,-1.9881e+06,0,0,0,505.7,9.3422,0,,10.528,9,10.528,0
6.0447,5.3674,7.8134e+06,0,2.6911e-05,0.02745,-15.94,-20.679,0,10.535,1.5137e+05,-1.9881e+06,0,0,0,505.7,9.3551,0,,10.544,9,10.544,0
6.0447,5.3722,7.8134e+06,0,2.6911e-05,0.027427,-16.021,-20.591,0,10.54,1.5137e+05,-1.9881e+06,0,0,0,505.69,9.3679,0,,10.56,9,10.56,0
6.0448,5.3758,7.8135e+06,0,2.691e-05,0.027409,-16.1,-20.504,0,10.546,1.5137e+05,-1.9881e+06,0,0,0,505.69,9.3792,0,,10.576,9,10.576,0
6.0448,5.3795,7.8135e+06,0,2.691e-05,0.027391,-16.179,-20.417,0,10.551,1.5137e+05,-1.9881e+06,0,0,0,505.69,9.3905,0,,10.592,9,10.592,0
6.0449,5.3831,7.8135e+06,0,2.691e-05,0.027374,-16.257,-20.33,0,10.556,1.5137e+05,-1.9881e+06,0,0,0,505.69,9.4017,0,,10.608,9,10.608,0
6.0449,5.3867,7.8135e+06,0,2.691e-05,0.027356,-16.336,-20.244,0,10.562,1.5137e+05,-1.9881e+06,0,0,0,505.69,9.413,0,,10.624,9,10.624,0
6.045,5.3904,7.8136e+06,0,2.691e-05,0.027338,-16.415,-20.157,0,10.567,1.5137e+05,-1.9881e+06,0,0,0,505.68,9.4243,0,,10.64,9,10.64,0
6.045,5.394,7.8136e+06,0,2.691e-05,0.02732,-16.493,-20.07,0,10.572,1.5138e+05,-1.9881e+06,0,0,0,505.68,9.4356,0,,10.656,9,10.656,0
6.045,5.3977,7.8136e+06,0,2.691e-05,0.027303,-16.572,-19.984,0,10.578,1.5138e+05,-1.9881e+06,0,0,0,505.68,9.4469,0,,10.672,9,10.672,0
6.0451,5.4012,7.8136e+06,0,2.691e-05,0.027286,-16.65,-19.898,0,10.583,1.5138e+05,-1.9881e+06,0,0,0,505.68,9.4579,0,,10.688,9,10.688,0
6.0451,5.4047,7.8137e+06,0,2.691e-05,0.027272,-16.729,-19.814,0,10.588,1.5138e+05,-1.9881e+06,0,0,0,505.68,9.4684,0,,10.704,9,10.704,0
6.0452,5.4082,7.8137e+06,0,2.691e-05,0.027258,-16.808,-19.729,0,10.593,1.5138e+05,-1.9881e+06,0,0,0,505.67,9.4789,0,,10.72,9,10.72,0
6.0452,5.4117,7.8137e+06,0,2.691e-05,0.027243,-16.886,-19.645,0,10.598,1.5138e+05,-1.9881e+06,0,0,0,505.67,9.4894,0,,10.736,9,10.736,0
6.0453,5.4152,7.8138e+06,0,2.691e-05,0.027229,-16.965,-19.561,0,10.603,1.5138e+05,-1.9881e+06,0,0,0,505.67,9.4999,0,,10.752,9,10.752,0
6.0453,5.4188,7.8138e+06,0,2.691e-05,0.027215,-17.044,-19.476,0,10.608,1.5138e+05,-1.9881e+06,0,0,0,505.67,9.5104,0,,10.768,9,10.768,0
6.0454,5.4223,7.8138e+06,0,2.6909e-05,0.0272,-17.122,-19.392,0,10.613,1.5138e+05,-1.9881e+06,0,0,0,505.66,9.5209,0,,10.784,9,10.784,0
6.0454,5.4258,7.8138e+06,0,2.6909e-05,0.027186,-17.201,-19.308,0,10.618,1.5138e+05,-1.9881e+06,0,0,0,505.66,9.5314,0,,10.8,9,10.8,0
6.0455,5.4293,7.8139e+06,0,2.6909e-05,0.027172,-17.279,-19.223,0,10.623,1.5138e+05,-1.9881e+06,0,0,0,505.66,9.5419,0,,10.816,9,10.816,0
6.0455,5.4328,7.8139e+06,0,2.6909e-05,0.027157,-17.358,-19.139,0,10.629,1.5138e+05,-1.9881e+06,0,0,0,505.66,9.5524,0,,10.832,9,10.832,0
6.0456,5.4341,7.8139e+06,0,2.6909e-05,0.027154,-17.436,-19.059,0,10.634,1.5138e+05,-1.9881e+06,0,0,0,505.66,9.5592,0,,10.848,9,10.848,0
6.0456,5.4353,7.8139e+06,0,2.6909e-05,0.027152,-17.513,-18.979,0,10.639,1.5138e+05,-1.9881e+06,0,0,0,505.65,9.5657,0,,10.864,9,10.864,0
6.0457,5.4365,7.8139e+06,0,2.6909e-05,0.02715,-17.591,-18.899,0,10.644,1.5138e+05,-1.9881e+06,0,0,0,505.65,9.5723,0,,10.88,9,10.88,0
6.0457,5.4377,7.814e+06,0,2.6909e-05,0.027148,-17.669,-18.819,0,10.649,1.5138e+05,-1.9881e+06,0,0,0,505.65,9.5788,0,,10.896,9,10.896,0
6.0458,5.439,7.814e+06,0,2.6909e-05,0.027145,-17.746,-18.739,0,10.654,1.5138e+05,-1.9881e+06,0,0,0,505.64,9.5854,0,,10.912,9,10.912,0
6.0458,5.4402,7.814e+06,0,2.6909e-05,0.027143,-17.824,-18.66,0,10.659,1.5138e+05,-1.9881e+06,0,0,0,505.64,9.5919,0,,10.928,9,10.928,0
6.0459,5.4414,7.814e+06,0,2.6908e-05,0.027141,-17.902,-18.58,0,10.664,1.5138e+05,-1.9881e+06,0,0,0,505.64,9.5984,0,,10.944,9,10.944,0
6.0459,5.4426,7.814e+06,0,2.6908e-05,0.027138,-17.979,-18.5,0,10.67,1.5138e+05,-1.9881e+06,0,0,0,505.63,9.605,0,,10.96,9,10.96,0
6.046,5.4438,7.8141e+06,0,2.6908e-05,0.027136,-18.057,-18.42,0,10.675,1.5138e+05,-1.9881e+06,0,0,0,505.63,9.6115,0,,10.976,9,10.976,0
6.046,5.445,7.8141e+06,0,2.6908e-05,0.027134,-18.134,-18.34,0,10.68,1.5138e+05,-1.9881e+06,0,0,0,505.63,9.6181,0,,10.992,9,10.992,0
6.0461,5.4463,7.8141e+06,0,2.6908e-05,0.027131,-18.212,-18.26,0,10.685,1.5138e+05,-1.9881e+06,0,0,0,505.63,9.6246,0,,11.008,9,11.008,0
6.0461,5.4475,7.8141e+06,0,2.6908e-05,0.027129,-18.29,-18.18,0,10.69,1.5138e+05,-1.9881e+06,0,0,0,505.62,9.6311,0,,11.024,9,11.024,0
6.0462,5.449,7.8141e+06,0,2.6908e-05,0.027127,-18.367,-18.1,0,10.695,1.5138e+05,-1.9881e+06,0,0,0,505.62,9.6386,0,,11.04,9,11.04,0
6.0462,5.4508,7.8142e+06,0,2.6908e-05,0.027124,-18.443,-18.02,0,10.701,1.5138e+05,-1.9881e+06,0,0,0,505.62,9.6471,0,,11.056,9,11.056,0
6.0463,5.4527,7.8142e+06,0,2.6908e-05,0.027121,-18.52,-17.939,0,10.706,1.5138e+05,-1.9881e+06,0,0,0,505.61,9.6555,0,,11.072,9,11.072,0
6.0464,5.4545,7.8142e+06,0,2.6907e-05,0.027118,-18.596,-17.859,0,10.711,1.5138e+05,-1.9881e+06,0,0,0,505.61,9.664,0,,11.088,9,11.088,0
6.0464,5.4563,7.8143e+06,0,2.6907e-05,0.027115,-18.672,-17.779,0,10.717,1.5138e+05,-1.9881e+06,0,0,0,505.61,9.6724,0,,11.104,9,11.104,0
6.0465,5.4582,7.8143e+06,0,2.6907e-05,0.027113,-18.749,-17.698,0,10.722,1.5139e+05,-1.9881e+06,0,0,0,505.6,9.6809,0,,11.12,9,11.12,0
6.0465,5.46,7.8143e+06,0,2.6907e-05,0.02711,-18.825,-17.618,0,10.727,1.5139e+05,-1.9881e+06,0,0,0,505.6,9.6893,0,,11.136,9,11.136,0
6.0466,5.4618,7.8143e+06,0,2.6907e-05,0.027107,-18.902,-17.537,0,10.733,1.5139e+05,-1.9881e+06,0,0,0,505.6,9.6978,0,,11.152,9,11.152,0
6.0466,5.4637,7.8144e+06,0,2.6907e-05,0.027104,-18.978,-17.457,0,10.738,1.5139e+05,-1.9881e+06,0,0,0,505.59,9.7062,0,,11.168,9,11.168,0
6.0467,5.4648,7.8144e+06,0,2.6907e-05,0.027104,-19.055,-17.377,0,10.743,1.5139e+05,-1.9881e+06,0,0,0,505.59,9.7134,0,,11.184,9,11.184,0
6.0468,5.4609,7.8144e+06,0,2.6907e-05,0.027119,-19.133,-17.301,0,10.749,1.5139e+05,-1.9881e+06,0,0,0,505.59,9.711,0,,11.2,9,11.2,0
6.0468,5.457,7.8144e+06,0,2.6907e-05,0.027135,-19.212,-17.226,0,10.754,1.5139e+05,-1.9881e+06,0,0,0,505.58,9.7086,0,,11.216,9,11.216,0
6.0469,5.453,7.8144e+06,0,2.6906e-05,0.027151,-19.291,-17.15,0,10.759,1.5139e+05,-1.9881e+06,0,0,0,505.58,9.7062,0,,11.232,9,11.232,0
6.0469,5.4491,7.8144e+06,0,2.6906e-05,0.027167,-19.369,-17.074,0,10.765,1.5139e+05,-1.9881e+06,0,0,0,505.58,9.7038,0,,11.248,9,11.248,0
6.047,5.4452,7.8145e+06,0,2.6906e-05,0.027183,-19.448,-16.999,0,10.77,1.5139e+05,-1.9881e+06,0,0,0,505.57,9.7014,0,,11.264,9,11.264,0
6.047,5.4413,7.8145e+06,0,2.6906e-05,0.027199,-19.526,-16.923,0,10.775,1.5139e+05,-1.9881e+06,0,0,0,505.57,9.699,0,,11.28,9,11.28,0
6.0471,5.4374,7.8145e+06,0,2.6906e-05,0.027214,-19.605,-16.847,0,10.78,1.5139e+05,-1.9881e+06,0,0,0,505.57,9.6966,0,,11.296,9,11.296,0
6.0471,5.4334,7.8145e+06,0,2.6906e-05,0.02723,-19.684,-16.772,0,10.786,1.5139e+05,-1.9881e+06,0,0,0,505.56,9.6942,0,,11.312,9,11.312,0
6.0472,5.4295,7.8145e+06,0,2.6906e-05,0.027246,-19.762,-16.696,0,10.791,1.5139e+05,-1.9881e+06,0,0,0,505.56,9.6918,0,,11.328,9,11.328,0
6.0473,5.4256,7.8145e+06,0,2.6906e-05,0.027262,-19.841,-16.62,0,10.796,1.5139e+05,-1.9881e+06,0,0,0,505.56,9.6894,0,,11.344,9,11.344,0
6.0473,5.4217,7.8145e+06,0,2.6905e-05,0.027278,-19.919,-16.544,0,10.802,1.5139e+05,-1.9881e+06,0,0,0,505.55,9.687,0,,11.36,9,11.36,0
6.0474,5.4177,7.8146e+06,0,2.6905e-05,0.027294,-19.998,-16.469,0,10.807,1.5139e+05,-1.9881e+06,0,0,0,505.55,9.6846,0,,11.376,9,11.376,0
6.0474,5.4138,7.8146e+06,0,2.6905e-05,0.02731,-20.076,-16.393,0,10.812,1.5139e+05,-1.9881e+06,0,0,0,505.54,9.6822,0,,11.392,9,11.392,0
6.0475,5.4099,7.8146e+06,0,2.6905e-05,0.027325,-20.155,-16.317,0,10.818,1.5139e+05,-1.9881e+06,0,0,0,505.54,9.6798,0,,11.408,9,11.408,0
6.0475,5.4063,7.8146e+06,0,2.6905e-05,0.027342,-20.234,-16.242,0,10.823,1.5139e+05,-1.9881e+06,0,0,0,505.54,9.6779,0,,11.424,9,11.424,0
6.0476,5.4031,7.8146e+06,0,2.6905e-05,0.027359,-20.313,-16.169,0,10.828,1.5139e+05,-1.9881e+06,0,0,0,505.53,9.6769,0,,11.44,9,11.44,0
6.0476,5.4,7.8146e+06,0,2.6905e-05,0.027376,-20.393,-16.095,0,10.833,1.5139e+05,-1.9881e+06,0,0,0,505.53,9.6759,0,,11.456,9,11.456,0
6.0477,5.3968,7.8146e+06,0,2.6904e-05,0.027394,-20.472,-16.022,0,10.839,1.5139e+05,-1.9881e+06,0,0,0,505.53,9.675,0,,11.472,9,11.472,0
6.0478,5.3937,7.8147e+06,0,2.6904e-05,0.027411,-20.551,-15.948,0,10.844,1.5139e+05,-1.9881e+06,0,0,0,505.52,9.674,0,,11.488,9,11.488,0
6.0478,5.3906,7.8147e+06,0,2.6904e-05,0.027428,-20.631,-15.875,0,10.849,1.5139e+05,-1.9881e+06,0,0,0,505.52,9.673,0,,11.504,9,11.504,0
6.0479,5.3874,7.8147e+06,0,2.6904e-05,0.027445,-20.71,-15.801,0,10.854,1.5139e+05,-1.9881e+06,0,0,0,505.51,9.672,0,,11.52,9,11.52,0
6.0479,5.3843,7.8147e+06,0,2.6904e-05,0.027462,-20.789,-15.727,0,10.86,1.5139e+05,-1.9881e+06,0,0,0,505.51,9.6711,0,,11.536,9,11.536,0
6.048,5.3811,7.8147e+06,0,2.6904e-05,0.02748,-20.869,-15.654,0,10.865,1.5139e+05,-1.9881e+06,0,0,0,505.51,9.6701,0,,11.552,9,11.552,0
6.048,5.378,7.8147e+06,0,2.6904e-05,0.027497,-20.948,-15.58,0,10.87,1.5139e+05,-1.9881e+06,0,0,0,505.5,9.6691,0,,11.568,9,11.568,0
6.0481,5.3749,7.8147e+06,0,2.6903e-05,0.027514,-21.027,-15.507,0,10.876,1.5139e+05,-1.9881e+06,0,0,0,505.5,9.6681,0,,11.584,9,11.584,0
6.0481,5.3717,7.8147e+06,0,2.6903e-05,0.027531,-21.107,-15.433,0,10.881,1.5139e+05,-1.9881e+06,0,0,0,505.5,9.6671,0,,11.6,9,11.6,0
6.0482,5.3686,7.8148e+06,0,2.6903e-05,0.027549,-21.186,-15.359,0,10.886,1.5139e+05,-1.9881e+06,0,0,0,505.49,9.6662,0,,11.616,9,11.616,0
6.0482,5.3654,7.8148e+06,0,2.6903e-05,0.027566,-21.266,-15.286,0,10.891,1.5139e+05,-1.9881e+06,0,0,0,505.49,9.6652,0,,11.632,9,11.632,0
6.0483,5.3623,7.8148e+06,0,2.6903e-05,0.027583,-21.345,-15.212,0,10.897,1.5139e+05,-1.9881e+06,0,0,0,505.48,9.6642,0,,11.648,9,11.648,0
6.0484,5.3592,7.8148e+06,0,2.6903e-05,0.0276,-21.424,-15.139,0,10.902,1.5139e+05,-1.9881e+06,0,0,0,505.48,9.6632,0,,11.664,9,11.664,0
6.0484,5.356,7.8148e+06,0,2.6903e-05,0.027618,-21.504,-15.065,0,10.907,1.5139e+05,-1.9881e+06,0,0,0,505.48,9.6623,0,,11.68,9,11.68,0
6.0485,5.3529,7.8148e+06,0,2.6903e-05,0.027635,-21.583,-14.992,0,10.912,1.5139e+05,-1.9881e+06,0,0,0,505.47,9.6613,0,,11.696,9,11.696,0
6.0485,5.3497,7.8148e+06,0,2.6902e-05,0.027652,-21.662,-14.918,0,10.918,1.5139e+05,-1.9881e+06,0,0,0,505.47,9.6603,0,,11.712,9,11.712,0
6.0486,5.3466,7.8148e+06,0,2.6902e-05,0.027669,-21.742,-14.844,0,10.923,1.5139e+05,-1.9881e+06,0,0,0,505.46,9.6593,0,,11.728,9,11.728,0
6.0486,5.3426,7.8148e+06,0,2.6902e-05,0.02769,-21.821,-14.771,0,10.929,1.5139e+05,-1.9881e+06,0,0,0,505.46,9.657,0,,11.744,9,11.744,0
6.0487,5.3347,7.8149e+06,0,2.6902e-05,0.027726,-21.902,-14.701,0,10.937,1.5139e+05,-1.9881e+06,0,0,0,505.46,9.6491,0,,11.76,9,11.76,0
6.0488,5.3268,7.8149e+06,0,2.6902e-05,0.027761,-21.983,-14.631,0,10.945,1.5139e+05,-1.9881e+06,0,0,0,505.45,9.6411,0,,11.776,9,11.776,0
6.0488,5.3189,7.8149e+06,0,2.6902e-05,0.027797,-22.064,-14.561,0,10.953,1.5139e+05,-1.9881e+06,0,0,0,505.45,9.6331,0,,11.792,9,11.792,0
6.0489,5.311,7.8149e+06,0,2.6901e-05,0.027832,-22.145,-14.491,0,10.961,1.5139e+05,-1.9881e+06,0,0,0,505.44,9.6252,0,,11.808,9,11.808,0
6.049,5.3031,7.8149e+06,0,2.6901e-05,0.027868,-22.226,-14.421,0,10.969,1.5139e+05,-1.9881e+06,0,0,0,505.44,9.6172,0,,11.824,9,11.824,0
6.049,5.2952,7.8149e+06,0,2.6901e-05,0.027904,-22.306,-14.351,0,10.977,1.5139e+05,-1.9881e+06,0,0,0,505.43,9.6092,0,,11.84,9,11.84,0
6.0491,5.2873,7.815e+06,0,2.6901e-05,0.027939,-22.387,-14.281,0,10.984,1.5139e+05,-1.9881e+06,0,0,0,505.43,9.6012,0,,11.856,9,11.856,0
6.0492,5.2794,7.815e+06,0,2.6901e-05,0.027975,-22.468,-14.211,0,10.992,1.5139e+05,-1.9881e+06,0,0,0,505.42,9.5933,0,,11.872,9,11.872,0
6.0492,5.2716,7.815e+06,0,2.6901e-05,0.02801,-22.549,-14.141,0,11,1.5139e+05,-1.9881e+06,0,0,0,505.42,9.5853,0,,11.888,9,11.888,0
6.0493,5.2637,7.815e+06,0,2.69e-05,0.028046,-22.63,-14.071,0,11.008,1.5139e+05,-1.9881e+06,0,0,0,505.41,9.5773,0,,11.904,9,11.904,0
6.0494,5.2558,7.815e+06,0,2.69e-05,0.028082,-22.711,-14.001,0,11.016,1.5139e+05,-1.9881e+06,0,0,0,505.41,9.5693,0,,11.92,9,11.92,0
6.0494,5.2479,7.815e+06,0,2.69e-05,0.028117,-22.792,-13.931,0,11.024,1.5139e+05,-1.9881e+06,0,0,0,505.41,9.5614,0,,11.936,9,11.936,0
6.0495,5.24,7.815e+06,0,2.69e-05,0.028153,-22.872,-13.86,0,11.032,1.5139e+05,-1.9881e+06,0,0,0,505.4,9.5534,0,,11.952,9,11.952,0
6.0496,5.2321,7.8151e+06,0,2.69e-05,0.028189,-22.953,-13.79,0,11.04,1.5139e+05,-1.9881e+06,0,0,0,505.4,9.5454,0,,11.968,9,11.968,0
6.0496,5.2242,7.8151e+06,0,2.69e-05,0.028224,-23.034,-13.72,0,11.048,1.5139e+05,-1.9881e+06,0,0,0,505.39,9.5374,0,,11.984,9,11.984,0
6.0497,5.2163,7.8151e+06,0,2.6899e-05,0.02826,-23.115,-13.65,0,11.056,1.5139e+05,-1.9881e+06,0,0,0,505.39,9.5295,0,,12,9,12,0
6.0498,5.2084,7.8151e+06,0,2.6899e-05,0.028295,-23.196,-13.58,0,11.064,1.5139e+05,-1.9881e+06,0,0,0,505.38,9.5215,0,,12.016,9,12.016,0
6.0498,5.2005,7.8151e+06,0,2.6899e-05,0.028331,-23.277,-13.51,0,11.072,1.5139e+05,-1.9881e+06,0,0,0,505.38,9.5135,0,,12.032,9,12.032,0
6.0499,5.1926,7.8151e+06,0,2.6899e-05,0.028367,-23.358,-13.44,0,11.08,1.5139e+05,-1.9881e+06,0,0,0,505.37,9.5055,0,,12.048,9,12.048,0
6.05,5.1848,7.8152e+06,0,2.6899e-05,0.028402,-23.438,-13.37,0,11.088,1.5139e+05,-1.9881e+06,0,0,0,505.37,9.4978,0,,12.064,9,12.064,0
6.05,5.1769,7.8152e+06,0,2.6899e-05,0.028438,-23.52,-13.3,0,11.096,1.5139e+05,-1.9881e+06,0,0,0,505.36,9.4907,0,,12.08,9,12.08,0
6.0501,5.169,7.8152e+06,0,2.6898e-05,0.028475,-23.601,-13.229,0,11.104,1.5139e+05,-1.9881e+06,0,0,0,505.36,9.4837,0,,12.096,9,12.096,0
6.0502,5.1611,7.8152e+06,0,2.6898e-05,0.028511,-23.682,-13.159,0,11.113,1.5139e+05,-1.9881e+06,0,0,0,505.35,9.4766,0,,12.112,9,12.112,0
6.0502,5.1532,7.8152e+06,0,2.6898e-05,0.028547,-23.763,-13.089,0,11.121,1.5139e+05,-1.9881e+06,0,0,0,505.35,9.4695,0,,12.128,9,12.128,0
6.0503,5.1454,7.8152e+06,0,2.6898e-05,0.028583,-23.844,-13.019,0,11.129,1.5139e+05,-1.9881e+06,0,0,0,505.35,9.4625,0,,12.144,9,12.144,0
6.0504,5.1375,7.8152e+06,0,2.6898e-05,0.028619,-23.926,-12.949,0,11.137,1.5139e+05,-1.9881e+06,0,0,0,505.34,9.4554,0,,12.16,9,12.16,0
6.0505,5.1296,7.8153e+06,0,2.6898e-05,0.028655,-24.007,-12.878,0,11.145,1.5139e+05,-1.9881e+06,0,0,0,505.34,9.4484,0,,12.176,9,12.176,0
6.0505,5.1217,7.8153e+06,0,2.6897e-05,0.028692,-24.088,-12.808,0,11.154,1.514e+05,-1.9881e+06,0,0,0,505.33,9.4413,0,,12.192,9,12.192,0
6.0506,5.1139,7.8153e+06,0,2.6897e-05,0.028728,-24.169,-12.738,0,11.162,1.514e+05,-1.9881e+06,0,0,0,505.33,9.4342,0,,12.208,9,12.208,0
6.0507,5.106,7.8153e+06,0,2.6897e-05,0.028764,-24.25,-12.668,0,11.17,1.514e+05,-1.9881e+06,0,0,0,505.32,9.4272,0,,12.224,9,12.224,0
6.0507,5.0981,7.8153e+06,0,2.6897e-05,0.0288,-24.331,-12.597,0,11.178,1.514e+05,-1.9881e+06,0,0,0,505.32,9.4201,0,,12.24,9,12.24,0
6.0508,5.0902,7.8153e+06,0,2.6897e-05,0.028836,-24.413,-12.527,0,11.187,1.514e+05,-1.9881e+06,0,0,0,505.31,9.4131,0,,12.256,9,12.256,0
6.0509,5.0823,7.8154e+06,0,2.6897e-05,0.028872,-24.494,-12.457,0,11.195,1.514e+05,-1.9881e+06,0,0,0,505.31,9.406,0,,12.272,9,12.272,0
6.0509,5.0721,7.8154e+06,0,2.6896e-05,0.028916,-24.576,-12.388,0,11.204,1.514e+05,-1.9881e+06,0,0,0,505.3,9.395,0,,12.288,9,12.288,0
6.051,5.0596,7.8154e+06,0,2.6896e-05,0.028967,-24.659,-12.32,0,11.216,1.514e+05,-1.9881e+06,0,0,0,505.3,9.3806,0,,12.304,9,12.304,0
6.0511,5.0471,7.8154e+06,0,2.6896e-05,0.029018,-24.742,-12.252,0,11.227,1.514e+05,-1.9881e+06,0,0,0,505.29,9.3661,0,,12.32,9,12.32,0
6.0512,5.0346,7.8154e+06,0,2.6896e-05,0.029068,-24.825,-12.184,0,11.238,1.514e+05,-1.9881e+06,0,0,0,505.29,9.3516,0,,12.336,9,12.336,0
6.0513,5.0222,7.8154e+06,0,2.6896e-05,0.029119,-24.907,-12.116,0,11.249,1.514e+05,-1.9881e+06,0,0,0,505.28,9.3371,0,,12.352,9,12.352,0
6.0514,5.0097,7.8155e+06,0,2.6895e-05,0.02917,-24.99,-12.048,0,11.26,1.514e+05,-1.9881e+06,0,0,0,505.27,9.3227,0,,12.368,9,12.368,0
6.0514,4.9972,7.8155e+06,0,2.6895e-05,0.029221,-25.073,-11.98,0,11.271,1.514e+05,-1.9881e+06,0,0,0,505.27,9.3082,0,,12.384,9,12.384,0
6.0515,4.9848,7.8155e+06,0,2.6895e-05,0.029271,-25.156,-11.912,0,11.282,1.514e+05,-1.9881e+06,0,0,0,505.26,9.2937,0,,12.4,9,12.4,0
6.0516,4.9723,7.8155e+06,0,2.6895e-05,0.029322,-25.239,-11.844,0,11.294,1.514e+05,-1.9881e+06,0,0,0,505.26,9.2792,0,,12.416,9,12.416,0
6.0517,4.9598,7.8155e+06,0,2.6894e-05,0.029373,-25.322,-11.776,0,11.305,1.514e+05,-1.9881e+06,0,0,0,505.25,9.2648,0,,12.432,9,12.432,0
6.0518,4.9474,7.8155e+06,0,2.6894e-05,0.029424,-25.405,-11.708,0,11.316,1.514e+05,-1.9881e+06,0,0,0,505.24,9.2503,0,,12.448,9,12.448,0
6.0519,4.9349,7.8156e+06,0,2.6894e-05,0.029475,-25.488,-11.64,0,11.327,1.514e+05,-1.9881e+06,0,0,0,505.24,9.2358,0,,12.464,9,12.464,0
6.0519,4.9224,7.8156e+06,0,2.6894e-05,0.029525,-25.57,-11.572,0,11.338,1.514e+05,-1.9881e+06,0,0,0,505.23,9.2213,0,,12.48,9,12.48,0
6.052,4.9112,7.8156e+06,0,2.6894e-05,0.029578,-25.654,-11.506,0,11.349,1.514e+05,-1.9881e+06,0,0,0,505.23,9.2092,0,,12.496,9,12.496,0
6.0521,4.9003,7.8156e+06,0,2.6893e-05,0.02963,-25.737,-11.441,0,11.36,1.514e+05,-1.9881e+06,0,0,0,505.22,9.1974,0,,12.512,9,12.512,0
6.0522,4.8894,7.8156e+06,0,2.6893e-05,0.029683,-25.821,-11.376,0,11.371,1.514e+05,-1.9881e+06,0,0,0,505.21,9.1857,0,,12.528,9,12.528,0
6.0523,4.8784,7.8156e+06,0,2.6893e-05,0.029735,-25.905,-11.31,0,11.383,1.514e+05,-1.988e+06,0,0,0,505.21,9.1739,0,,12.544,9,12.544,0
6.0524,4.8675,7.8157e+06,0,2.6893e-05,0.029788,-25.988,-11.245,0,11.394,1.514e+05,-1.988e+06,0,0,0,505.2,9.1622,0,,12.56,9,12.56,0
6.0524,4.8565,7.8157e+06,0,2.6893e-05,0.02984,-26.072,-11.18,0,11.405,1.514e+05,-1.988e+06,0,0,0,505.2,9.1504,0,,12.576,9,12.576,0
6.0525,4.8456,7.8157e+06,0,2.6892e-05,0.029893,-26.155,-11.114,0,11.416,1.514e+05,-1.988e+06,0,0,0,505.19,9.1387,0,,12.592,9,12.592,0
6.0526,4.8346,7.8157e+06,0,2.6892e-05,0.029945,-26.239,-11.049,0,11.427,1.514e+05,-1.988e+06,0,0,0,505.18,9.127,0,,12.608,9,12.608,0
6.0527,4.8237,7.8157e+06,0,2.6892e-05,0.029997,-26.322,-10.984,0,11.438,1.514e+05,-1.988e+06,0,0,0,505.18,9.1152,0,,12.624,9,12.624,0
6.0528,4.8127,7.8157e+06,0,2.6892e-05,0.03005,-26.406,-10.918,0,11.449,1.514e+05,-1.988e+06,0,0,0,505.17,9.1035,0,,12.64,9,12.64,0
6.0529,4.8018,7.8158e+06,0,2.6891e-05,0.030102,-26.489,-10.853,0,11.461,1.514e+05,-1.988e+06,0,0,0,505.17,9.0917,0,,12.656,9,12.656,0
6.053,4.7908,7.8158e+06,0,2.6891e-05,0.030155,-26.573,-10.788,0,11.472,1.514e+05,-1.988e+06,0,0,0,505.16,9.08,0,,12.672,9,12.672,0
6.053,4.7799,7.8158e+06,0,2.6891e-05,0.030207,-26.656,-10.722,0,11.483,1.514e+05,-1.988e+06,0,0,0,505.15,9.0682,0,,12.688,9,12.688,0
6.0531,4.769,7.8158e+06,0,2.6891e-05,0.03026,-26.74,-10.657,0,11.494,1.514e+05,-1.988e+06,0,0,0,505.15,9.0565,0,,12.704,9,12.704,0
6.0532,4.758,7.8158e+06,0,2.6891e-05,0.030312,-26.824,-10.592,0,11.505,1.514e+05,-1.988e+06,0,0,0,505.14,9.0447,0,,12.72,9,12.72,0
6.0533,4.7471,7.8158e+06,0,2.689e-05,0.030365,-26.907,-10.526,0,11.516,1.514e+05,-1.988e+06,0,0,0,505.14,9.033,0,,12.736,9,12.736,0
6.0534,4.7361,7.8159e+06,0,2.689e-05,0.030417,-26.991,-10.461,0,11.527,1.514e+05,-1.988e+06,0,0,0,505.13,9.0212,0,,12.752,9,12.752,0
6.0535,4.7252,7.8159e+06,0,2.689e-05,0.03047,-27.074,-10.396,0,11.539,1.514e+05,-1.988e+06,0,0,0,505.12,9.0095,0,,12.768,9,12.768,0
6.0536,4.7142,7.8159e+06,0,2.689e-05,0.030522,-27.158,-10.33,0,11.55,1.514e+05,-1.988e+06,0,0,0,505.12,8.9977,0,,12.784,9,12.784,0
6.0537,4.7019,7.8159e+06,0,2.6889e-05,0.030579,-27.242,-10.266,0,11.562,1.514e+05,-1.988e+06,0,0,0,505.11,8.9837,0,,12.8,9,12.8,0
6.0538,4.6872,7.8159e+06,0,2.6889e-05,0.030643,-27.327,-10.202,0,11.577,1.514e+05,-1.988e+06,0,0,0,505.1,8.9657,0,,12.816,9,12.816,0
6.0539,4.6725,7.8159e+06,0,2.6889e-05,0.030708,-27.413,-10.139,0,11.592,1.514e+05,-1.988e+06,0,0,0,505.09,8.9477,0,,12.832,9,12.832,0
6.054,4.6578,7.816e+06,0,2.6889e-05,0.030772,-27.498,-10.075,0,11.607,1.514e+05,-1.988e+06,0,0,0,505.09,8.9297,0,,12.848,9,12.848,0
6.0541,4.643,7.816e+06,0,2.6888e-05,0.030836,-27.584,-10.012,0,11.622,1.514e+05,-1.988e+06,0,0,0,505.08,8.9117,0,,12.864,9,12.864,0
6.0542,4.6283,7.816e+06,0,2.6888e-05,0.030901,-27.669,-9.9485,0,11.637,1.514e+05,-1.988e+06,0,0,0,505.07,8.8937,0,,12.88,9,12.88,0
6.0543,4.6136,7.816e+06,0,2.6888e-05,0.030965,-27.755,-9.885,0,11.652,1.514e+05,-1.988e+06,0,0,0,505.06,8.8757,0,,12.896,9,12.896,0
6.0544,4.5989,7.816e+06,0,2.6887e-05,0.031029,-27.84,-9.8216,0,11.667,1.514e+05,-1.988e+06,0,0,0,505.06,8.8577,0,,12.912,9,12.912,0
6.0545,4.5842,7.8161e+06,0,2.6887e-05,0.031094,-27.926,-9.7581,0,11.682,1.514e+05,-1.988e+06,0,0,0,505.05,8.8397,0,,12.928,9,12.928,0
6.0546,4.5694,7.8161e+06,0,2.6887e-05,0.031158,-28.011,-9.6946,0,11.697,1.514e+05,-1.988e+06,0,0,0,505.04,8.8217,0,,12.944,9,12.944,0
6.0548,4.5547,7.8161e+06,0,2.6887e-05,0.031223,-28.097,-9.6312,0,11.712,1.514e+05,-1.988e+06,0,0,0,505.03,8.8037,0,,12.96,9,12.96,0
6.0549,4.54,7.8161e+06,0,2.6886e-05,0.031287,-28.182,-9.5677,0,11.727,1.514e+05,-1.988e+06,0,0,0,505.02,8.7857,0,,12.976,9,12.976,0
6.055,4.5253,7.8161e+06,0,2.6886e-05,0.031351,-28.268,-9.5042,0,11.742,1.514e+05,-1.988e+06,0,0,0,505.02,8.7676,0,,12.992,9,12.992,0
6.0551,4.5105,7.8162e+06,0,2.6886e-05,0.031416,-28.353,-9.4408,0,11.757,1.514e+05,-1.988e+06,0,0,0,505.01,8.7496,0,,13.008,9,13.008,0
6.0552,4.4958,7.8162e+06,0,2.6885e-05,0.03148,-28.439,-9.3773,0,11.772,1.514e+05,-1.988e+06,0,0,0,505,8.7316,0,,13.024,9,13.024,0
6.0553,4.4811,7.8162e+06,0,2.6885e-05,0.031544,-28.524,-9.3138,0,11.787,1.514e+05,-1.988e+06,0,0,0,504.99,8.7136,0,,13.04,9,13.04,0
6.0554,4.4664,7.8162e+06,0,2.6885e-05,0.031609,-28.609,-9.2504,0,11.802,1.514e+05,-1.988e+06,0,0,0,504.98,8.6956,0,,13.056,9,13.056,0
6.0555,4.4517,7.8162e+06,0,2.6885e-05,0.031673,-28.695,-9.1869,0,11.817,1.514e+05,-1.988e+06,0,0,0,504.98,8.6776,0,,13.072,9,13.072,0
6.0556,4.4369,7.8163e+06,0,2.6884e-05,0.031737,-28.78,-9.1234,0,11.832,1.514e+05,-1.988e+06,0,0,0,504.97,8.6596,0,,13.088,9,13.088,0
6.0557,4.4222,7.8163e+06,0,2.6884e-05,0.031802,-28.866,-9.06,0,11.847,1.514e+05,-1.988e+06,0,0,0,504.96,8.6416,0,,13.104,9,13.104,0
6.0559,4.4075,7.8163e+06,0,2.6884e-05,0.031866,-28.951,-8.9965,0,11.862,1.514e+05,-1.988e+06,0,0,0,504.95,8.6236,0,,13.12,9,13.12,0
6.056,4.3928,7.8163e+06,0,2.6883e-05,0.03193,-29.037,-8.933,0,11.877,1.514e+05,-1.988e+06,0,0,0,504.94,8.6056,0,,13.136,9,13.136,0
6.0561,4.3778,7.8163e+06,0,2.6883e-05,0.031995,-29.122,-8.8695,0,11.892,1.514e+05,-1.988e+06,0,0,0,504.94,8.5875,0,,13.152,9,13.152,0
6.0562,4.3626,7.8164e+06,0,2.6883e-05,0.032059,-29.208,-8.8059,0,11.907,1.514e+05,-1.988e+06,0,0,0,504.93,8.5695,0,,13.168,9,13.168,0
6.0563,4.3474,7.8164e+06,0,2.6883e-05,0.032124,-29.294,-8.7423,0,11.922,1.514e+05,-1.988e+06,0,0,0,504.92,8.5514,0,,13.184,9,13.184,0
6.0564,4.3322,7.8164e+06,0,2.6882e-05,0.032188,-29.379,-8.6786,0,11.938,1.514e+05,-1.988e+06,0,0,0,504.91,8.5334,0,,13.2,9,13.2,0
6.0565,4.3171,7.8164e+06,0,2.6882e-05,0.032253,-29.465,-8.615,0,11.953,1.514e+05,-1.988e+06,0,0,0,504.91,8.5153,0,,13.216,9,13.216,0
6.0566,4.3019,7.8164e+06,0,2.6882e-05,0.032317,-29.551,-8.5514,0,11.968,1.514e+05,-1.988e+06,0,0,0,504.9,8.4973,0,,13.232,9,13.232,0
6.0567,4.2867,7.8164e+06,0,2.6881e-05,0.032382,-29.637,-8.4878,0,11.983,1.514e+05,-1.988e+06,0,0,0,504.89,8.4792,0,,13.248,9,13.248,0
6.0568,4.2715,7.8165e+06,0,2.6881e-05,0.032446,-29.722,-8.4242,0,11.998,1.514e+05,-1.988e+06,0,0,0,504.88,8.4612,0,,13.264,9,13.264,0
6.0569,4.2564,7.8165e+06,0,2.6881e-05,0.032511,-29.808,-8.3606,0,12.013,1.514e+05,-1.988e+06,0,0,0,504.87,8.4431,0,,13.28,9,13.28,0
6.0571,4.2395,7.8165e+06,0,2.6881e-05,0.032579,-29.895,-8.2979,0,12.031,1.514e+05,-1.988e+06,0,0,0,504.87,8.4221,0,,13.296,9,13.296,0
6.0572,4.2203,7.8165e+06,0,2.688e-05,0.032654,-29.983,-8.2366,0,12.052,1.514e+05,-1.988e+06,0,0,0,504.86,8.3969,0,,13.312,9,13.312,0
6.0573,4.2012,7.8166e+06,0,2.688e-05,0.032728,-30.07,-8.1752,0,12.073,1.514e+05,-1.988e+06,0,0,0,504.85,8.3717,0,,13.328,9,13.328,0
6.0575,4.182,7.8166e+06,0,2.6879e-05,0.032803,-30.158,-8.1139,0,12.094,1.514e+05,-1.988e+06,0,0,0,504.84,8.3466,0,,13.344,9,13.344,0
6.0576,4.1628,7.8166e+06,0,2.6879e-05,0.032877,-30.246,-8.0525,0,12.115,1.514e+05,-1.988e+06,0,0,0,504.83,8.3214,0,,13.36,9,13.36,0
6.0578,4.1436,7.8166e+06,0,2.6879e-05,0.032951,-30.334,-7.9912,0,12.136,1.514e+05,-1.988e+06,0,0,0,504.82,8.2962,0,,13.376,9,13.376,0
6.0579,4.1244,7.8166e+06,0,2.6878e-05,0.033026,-30.422,-7.9298,0,12.157,1.514e+05,-1.988e+06,0,0,0,504.81,8.271,0,,13.392,9,13.392,0
6.058,4.1053,7.8167e+06,0,2.6878e-05,0.0331,-30.51,-7.8685,0,12.177,1.514e+05,-1.988e+06,0,0,0,504.79,8.2458,0,,13.408,9,13.408,0
6.0582,4.0878,7.8167e+06,0,2.6878e-05,0.033177,-30.6,-7.8096,0,12.199,1.514e+05,-1.988e+06,0,0,0,504.78,8.2238,0,,13.424,9,13.424,0
6.0583,4.0704,7.8167e+06,0,2.6877e-05,0.033255,-30.69,-7.7509,0,12.22,1.514e+05,-1.988e+06,0,0,0,504.77,8.202,0,,13.44,9,13.44,0
6.0585,4.053,7.8167e+06,0,2.6877e-05,0.033332,-30.78,-7.6922,0,12.241,1.514e+05,-1.988e+06,0,0,0,504.76,8.1802,0,,13.456,9,13.456,0
6.0586,4.0357,7.8168e+06,0,2.6876e-05,0.033409,-30.87,-7.6335,0,12.262,1.514e+05,-1.988e+06,0,0,0,504.75,8.1584,0,,13.472,9,13.472,0
6.0588,4.0183,7.8168e+06,0,2.6876e-05,0.033486,-30.96,-7.5749,0,12.283,1.514e+05,-1.988e+06,0,0,0,504.74,8.1367,0,,13.488,9,13.488,0
6.0589,4.0009,7.8168e+06,0,2.6876e-05,0.033564,-31.05,-7.5162,0,12.304,1.514e+05,-1.988e+06,0,0,0,504.73,8.1149,0,,13.504,9,13.504,0
6.0591,3.9835,7.8168e+06,0,2.6875e-05,0.033641,-31.14,-7.4575,0,12.325,1.514e+05,-1.988e+06,0,0,0,504.72,8.0931,0,,13.52,9,13.52,0
6.0592,3.9662,7.8168e+06,0,2.6875e-05,0.033718,-31.23,-7.3988,0,12.346,1.514e+05,-1.988e+06,0,0,0,504.71,8.0713,0,,13.536,9,13.536,0
6.0593,3.9488,7.8169e+06,0,2.6875e-05,0.033795,-31.32,-7.3402,0,12.367,1.514e+05,-1.988e+06,0,0,0,504.7,8.0495,0,,13.552,9,13.552,0
6.0595,3.9314,7.8169e+06,0,2.6874e-05,0.033872,-31.41,-7.2815,0,12.388,1.514e+05,-1.988e+06,0,0,0,504.69,8.0278,0,,13.568,9,13.568,0
6.0596,3.9141,7.8169e+06,0,2.6874e-05,0.03395,-31.5,-7.2228,0,12.409,1.514e+05,-1.988e+06,0,0,0,504.68,8.006,0,,13.584,9,13.584,0
6.0598,3.8967,7.8169e+06,0,2.6873e-05,0.034027,-31.59,-7.1641,0,12.43,1.514e+05,-1.988e+06,0,0,0,504.67,7.9842,0,,13.6,9,13.6,0
6.0599,3.8793,7.817e+06,0,2.6873e-05,0.034104,-31.68,-7.1054,0,12.451,1.514e+05,-1.988e+06,0,0,0,504.66,7.9624,0,,13.616,9,13.616,0
6.0601,3.862,7.817e+06,0,2.6873e-05,0.034181,-31.77,-7.0468,0,12.472,1.514e+05,-1.988e+06,0,0,0,504.65,7.9406,0,,13.632,9,13.632,0
6.0602,3.8446,7.817e+06,0,2.6872e-05,0.034259,-31.86,-6.9881,0,12.493,1.514e+05,-1.988e+06,0,0,0,504.64,7.9188,0,,13.648,9,13.648,0
6.0604,3.8272,7.817e+06,0,2.6872e-05,0.034336,-31.95,-6.9294,0,12.514,1.514e+05,-1.988e+06,0,0,0,504.63,7.8971,0,,13.664,9,13.664,0
6.0605,3.8098,7.8171e+06,0,2.6872e-05,0.034413,-32.04,-6.8707,0,12.535,1.514e+05,-1.988e+06,0,0,0,504.62,7.8753,0,,13.68,9,13.68,0
6.0606,3.7925,7.8171e+06,0,2.6871e-05,0.03449,-32.13,-6.812,0,12.556,1.514e+05,-1.988e+06,0,0,0,504.61,7.8535,0,,13.696,9,13.696,0
6.0608,3.7751,7.8171e+06,0,2.6871e-05,0.034568,-32.22,-6.7534,0,12.578,1.514e+05,-1.988e+06,0,0,0,504.59,7.8317,0,,13.712,9,13.712,0
6.0609,3.7577,7.8171e+06,0,2.687e-05,0.034645,-32.31,-6.6947,0,12.599,1.514e+05,-1.988e+06,0,0,0,504.58,7.8099,0,,13.728,9,13.728,0
6.0611,3.7404,7.8171e+06,0,2.687e-05,0.034722,-32.4,-6.636,0,12.62,1.514e+05,-1.988e+06,0,0,0,504.57,7.7881,0,,13.744,9,13.744,0
6.0612,3.723,7.8172e+06,0,2.687e-05,0.034799,-32.49,-6.5773,0,12.641,1.514e+05,-1.988e+06,0,0,0,504.56,7.7664,0,,13.76,9,13.76,0
6.0614,3.7048,7.8172e+06,0,2.6869e-05,0.034879,-32.581,-6.5194,0,12.664,1.5141e+05,-1.988e+06,0,0,0,504.55,7.743,0,,13.776,9,13.776,0
6.0616,3.684,7.8172e+06,0,2.6869e-05,0.034967,-32.676,-6.4638,0,12.695,1.5141e+05,-1.988e+06,0,0,0,504.54,7.7149,0,,13.792,9,13.792,0
6.0618,3.6633,7.8173e+06,0,2.6868e-05,0.035055,-32.771,-6.4081,0,12.725,1.5141e+05,-1.988e+06,0,0,0,504.52,7.6868,0,,13.808,9,13.808,0
6.0619,3.6425,7.8173e+06,0,2.6868e-05,0.035143,-32.866,-6.3525,0,12.756,1.5141e+05,-1.988e+06,0,0,0,504.51,7.6586,0,,13.824,9,13.824,0
6.0621,3.6217,7.8173e+06,0,2.6867e-05,0.035232,-32.961,-6.2969,0,12.786,1.5141e+05,-1.988e+06,0,0,0,504.5,7.6305,0,,13.84,9,13.84,0
6.0623,3.601,7.8173e+06,0,2.6867e-05,0.03532,-33.056,-6.2413,0,12.817,1.5141e+05,-1.988e+06,0,0,0,504.48,7.6024,0,,13.856,9,13.856,0
6.0625,3.5802,7.8174e+06,0,2.6866e-05,0.035408,-33.151,-6.1857,0,12.847,1.5141e+05,-1.988e+06,0,0,0,504.47,7.5743,0,,13.872,9,13.872,0
6.0627,3.5595,7.8174e+06,0,2.6866e-05,0.035496,-33.246,-6.13,0,12.878,1.5141e+05,-1.988e+06,0,0,0,504.45,7.5461,0,,13.888,9,13.888,0
6.0629,3.5387,7.8174e+06,0,2.6865e-05,0.035584,-33.341,-6.0744,0,12.908,1.5141e+05,-1.988e+06,0,0,0,504.44,7.518,0,,13.904,9,13.904,0
6.0631,3.5179,7.8174e+06,0,2.6865e-05,0.035672,-33.436,-6.0188,0,12.938,1.5141e+05,-1.988e+06,0,0,0,504.43,7.4899,0,,13.92,9,13.92,0
6.0633,3.4972,7.8175e+06,0,2.6864e-05,0.03576,-33.531,-5.9632,0,12.969,1.5141e+05,-1.988e+06,0,0,0,504.41,7.4617,0,,13.936,9,13.936,0
6.0635,3.4764,7.8175e+06,0,2.6864e-05,0.035848,-33.626,-5.9075,0,12.999,1.5141e+05,-1.988e+06,0,0,0,504.4,7.4336,0,,13.952,9,13.952,0
6.0636,3.4556,7.8175e+06,0,2.6863e-05,0.035936,-33.721,-5.8519,0,13.03,1.5141e+05,-1.988e+06,0,0,0,504.39,7.4055,0,,13.968,9,13.968,0
6.0638,3.4349,7.8176e+06,0,2.6863e-05,0.036024,-33.816,-5.7963,0,13.06,1.5141e+05,-1.988e+06,0,0,0,504.37,7.3773,0,,13.984,9,13.984,0
6.064,3.4141,7.8176e+06,0,2.6862e-05,0.036112,-33.911,-5.7407,0,13.091,1.5141e+05,-1.988e+06,0,0,0,504.36,7.3492,0,,14,9,14,0
6.0642,3.3933,7.8176e+06,0,2.6862e-05,0.0362,-34.006,-5.6851,0,13.121,1.5141e+05,-1.988e+06,0,0,0,504.34,7.3211,0,,14.016,9,14.016,0
6.0644,3.3726,7.8176e+06,0,2.6861e-05,0.036288,-34.101,-5.6294,0,13.152,1.5141e+05,-1.988e+06,0,0,0,504.33,7.2929,0,,14.032,9,14.032,0
6.0646,3.3518,7.8177e+06,0,2.6861e-05,0.036377,-34.196,-5.5738,0,13.182,1.5141e+05,-1.988e+06,0,0,0,504.32,7.2648,0,,14.048,9,14.048,0
6.0648,3.331,7.8177e+06,0,2.686e-05,0.036465,-34.291,-5.5182,0,13.213,1.5141e+05,-1.988e+06,0,0,0,504.3,7.2367,0,,14.064,9,14.064,0
6.065,3.3103,7.8177e+06,0,2.686e-05,0.036553,-34.386,-5.4626,0,13.243,1.5141e+05,-1.988e+06,0,0,0,504.29,7.2086,0,,14.08,9,14.08,0
6.0651,3.2895,7.8178e+06,0,2.6859e-05,0.036641,-34.481,-5.4069,0,13.274,1.5141e+05,-1.988e+06,0,0,0,504.28,7.1804,0,,14.096,9,14.096,0
6.0653,3.2688,7.8178e+06,0,2.6859e-05,0.036729,-34.576,-5.3513,0,13.304,1.5141e+05,-1.988e+06,0,0,0,504.26,7.1523,0,,14.112,9,14.112,0
6.0655,3.248,7.8178e+06,0,2.6858e-05,0.036817,-34.671,-5.2957,0,13.335,1.5141e+05,-1.988e+06,0,0,0,504.25,7.1242,0,,14.128,9,14.128,0
6.0657,3.2272,7.8178e+06,0,2.6858e-05,0.036905,-34.766,-5.2401,0,13.365,1.5141e+05,-1.988e+06,0,0,0,504.23,7.096,0,,14.144,9,14.144,0
6.0659,3.2065,7.8179e+06,0,2.6857e-05,0.036993,-34.861,-5.1845,0,13.396,1.5141e+05,-1.988e+06,0,0,0,504.22,7.0679,0,,14.16,9,14.16,0
6.0661,3.1857,7.8179e+06,0,2.6857e-05,0.037081,-34.956,-5.1288,0,13.426,1.5141e+05,-1.988e+06,0,0,0,504.21,7.0398,0,,14.176,9,14.176,0
6.0663,3.1649,7.8179e+06,0,2.6856e-05,0.037169,-35.051,-5.0732,0,13.457,1.5141e+05,-1.988e+06,0,0,0,504.19,7.0116,0,,14.192,9,14.192,0
6.0665,3.1442,7.818e+06,0,2.6856e-05,0.037257,-35.145,-5.0176,0,13.487,1.5141e+05,-1.988e+06,0,0,0,504.18,6.9835,0,,14.208,9,14.208,0
6.0667,3.1234,7.818e+06,0,2.6855e-05,0.037345,-35.24,-4.962,0,13.518,1.5141e+05,-1.988e+06,0,0,0,504.17,6.9554,0,,14.224,9,14.224,0
6.0668,3.1024,7.818e+06,0,2.6855e-05,0.037433,-35.335,-4.9062,0,13.548,1.5141e+05,-1.988e+06,0,0,0,504.15,6.927,0,,14.24,9,14.24,0
6.0671,3.0795,7.818e+06,0,2.6854e-05,0.037528,-35.435,-4.8533,0,13.589,1.5141e+05,-1.988e+06,0,0,0,504.14,6.8949,0,,14.256,9,14.256,0
6.0673,3.0572,7.8181e+06,0,2.6853e-05,0.037632,-35.54,-4.8039,0,13.637,1.5141e+05,-1.988e+06,0,0,0,504.12,6.8639,0,,14.272,9,14.272,0
6.0676,3.0349,7.8181e+06,0,2.6853e-05,0.037736,-35.646,-4.7546,0,13.684,1.5141e+05,-1.988e+06,0,0,0,504.1,6.833,0,,14.288,9,14.288,0
6.0678,3.0126,7.8182e+06,0,2.6852e-05,0.037839,-35.752,-4.7052,0,13.731,1.5141e+05,-1.988e+06,0,0,0,504.08,6.802,0,,14.304,9,14.304,0
6.068,2.9903,7.8182e+06,0,2.6852e-05,0.037943,-35.858,-4.6558,0,13.779,1.5141e+05,-1.988e+06,0,0,0,504.06,6.7711,0,,14.32,9,14.32,0
6.0683,2.968,7.8182e+06,0,2.6851e-05,0.038047,-35.963,-4.6064,0,13.826,1.5141e+05,-1.988e+06,0,0,0,504.04,6.7401,0,,14.336,9,14.336,0
6.0685,2.9457,7.8183e+06,0,2.685e-05,0.03815,-36.069,-4.557,0,13.873,1.5141e+05,-1.988e+06,0,0,0,504.03,6.7091,0,,14.352,9,14.352,0
6.0688,2.9234,7.8183e+06,0,2.685e-05,0.038254,-36.175,-4.5077,0,13.921,1.5141e+05,-1.988e+06,0,0,0,504.01,6.6782,0,,14.368,9,14.368,0
6.069,2.9012,7.8183e+06,0,2.6849e-05,0.038358,-36.281,-4.4583,0,13.968,1.5141e+05,-1.988e+06,0,0,0,503.99,6.6472,0,,14.384,9,14.384,0
6.0693,2.8789,7.8184e+06,0,2.6848e-05,0.038462,-36.386,-4.4089,0,14.015,1.5141e+05,-1.988e+06,0,0,0,503.97,6.6163,0,,14.4,9,14.4,0
6.0695,2.8566,7.8184e+06,0,2.6848e-05,0.038565,-36.492,-4.3595,0,14.063,1.5141e+05,-1.988e+06,0,0,0,503.95,6.5853,0,,14.416,9,14.416,0
6.0698,2.8343,7.8184e+06,0,2.6847e-05,0.038669,-36.598,-4.3101,0,14.11,1.5141e+05,-1.988e+06,0,0,0,503.94,6.5544,0,,14.432,9,14.432,0
6.07,2.812,7.8185e+06,0,2.6846e-05,0.038773,-36.704,-4.2607,0,14.157,1.5141e+05,-1.988e+06,0,0,0,503.92,6.5234,0,,14.448,9,14.448,0
6.0703,2.7897,7.8185e+06,0,2.6846e-05,0.038876,-36.809,-4.2114,0,14.205,1.5141e+05,-1.988e+06,0,0,0,503.9,6.4924,0,,14.464,9,14.464,0
6.0705,2.7674,7.8185e+06,0,2.6845e-05,0.03898,-36.915,-4.162,0,14.252,1.5141e+05,-1.988e+06,0,0,0,503.88,6.4615,0,,14.48,9,14.48,0
6.0708,2.7451,7.8186e+06,0,2.6844e-05,0.039084,-37.021,-4.1126,0,14.299,1.5141e+05,-1.988e+06,0,0,0,503.86,6.4305,0,,14.496,9,14.496,0
6.071,2.7228,7.8186e+06,0,2.6844e-05,0.039187,-37.127,-4.0632,0,14.347,1.5141e+05,-1.988e+06,0,0,0,503.85,6.3996,0,,14.512,9,14.512,0
6.0712,2.7005,7.8187e+06,0,2.6843e-05,0.039291,-37.232,-4.0138,0,14.394,1.5141e+05,-1.988e+06,0,0,0,503.83,6.3686,0,,14.528,9,14.528,0
6.0715,2.6782,7.8187e+06,0,2.6842e-05,0.039395,-37.338,-3.9645,0,14.441,1.5141e+05,-1.988e+06,0,0,0,503.81,6.3376,0,,14.544,9,14.544,0
6.0717,2.656,7.8187e+06,0,2.6842e-05,0.039498,-37.444,-3.9151,0,14.489,1.5141e+05,-1.988e+06,0,0,0,503.79,6.3067,0,,14.56,9,14.56,0
6.072,2.6337,7.8188e+06,0,2.6841e-05,0.039602,-37.55,-3.8657,0,14.536,1.5141e+05,-1.988e+06,0,0,0,503.77,6.2757,0,,14.576,9,14.576,0
6.0722,2.6114,7.8188e+06,0,2.684e-05,0.039706,-37.655,-3.8163,0,14.583,1.5141e+05,-1.988e+06,0,0,0,503.75,6.2448,0,,14.592,9,14.592,0
6.0725,2.5891,7.8188e+06,0,2.684e-05,0.039809,-37.761,-3.7669,0,14.631,1.5141e+05,-1.988e+06,0,0,0,503.74,6.2138,0,,14.608,9,14.608,0
6.0727,2.5668,7.8189e+06,0,2.6839e-05,0.039913,-37.867,-3.7175,0,14.678,1.5141e+05,-1.988e+06,0,0,0,503.72,6.1829,0,,14.624,9,14.624,0
6.073,2.5445,7.8189e+06,0,2.6838e-05,0.040017,-37.973,-3.6682,0,14.725,1.5141e+05,-1.988e+06,0,0,0,503.7,6.1519,0,,14.64,9,14.64,0
6.0732,2.5222,7.8189e+06,0,2.6838e-05,0.040121,-38.078,-3.6188,0,14.772,1.5141e+05,-1.988e+06,0,0,0,503.68,6.1209,0,,14.656,9,14.656,0
6.0735,2.4999,7.819e+06,0,2.6837e-05,0.040224,-38.184,-3.5694,0,14.82,1.5141e+05,-1.988e+06,0,0,0,503.66,6.09,0,,14.672,9,14.672,0
6.0737,2.4776,7.819e+06,0,2.6836e-05,0.040328,-38.29,-3.52,0,14.867,1.5141e+05,-1.988e+06,0,0,0,503.65,6.059,0,,14.688,9,14.688,0
6.074,2.4553,7.819e+06,0,2.6836e-05,0.040432,-38.396,-3.4706,0,14.914,1.5141e+05,-1.988e+06,0,0,0,503.63,6.0281,0,,14.704,9,14.704,0
6.0742,2.4327,7.8191e+06,0,2.6835e-05,0.040541,-38.506,-3.4232,0,14.973,1.5141e+05,-1.988e+06,0,0,0,503.61,5.9958,0,,14.72,9,14.72,0
6.0746,2.4094,7.8191e+06,0,2.6834e-05,0.040661,-38.624,-3.3793,0,15.051,1.5141e+05,-1.988e+06,0,0,0,503.58,5.9613,0,,14.736,9,14.736,0
6.0749,2.3861,7.8192e+06,0,2.6833e-05,0.04078,-38.743,-3.3354,0,15.128,1.5141e+05,-1.988e+06,0,0,0,503.56,5.9267,0,,14.752,9,14.752,0
6.0752,2.3628,7.8192e+06,0,2.6832e-05,0.0409,-38.861,-3.2915,0,15.206,1.5141e+05,-1.988e+06,0,0,0,503.54,5.8922,0,,14.768,9,14.768,0
6.0755,2.3396,7.8193e+06,0,2.6832e-05,0.041019,-38.98,-3.2476,0,15.284,1.5141e+05,-1.988e+06,0,0,0,503.51,5.8576,0,,14.784,9,14.784,0
6.0758,2.3163,7.8193e+06,0,2.6831e-05,0.041139,-39.098,-3.2037,0,15.362,1.5141e+05,-1.988e+06,0,0,0,503.49,5.8231,0,,14.8,9,14.8,0
6.0761,2.293,7.8193e+06,0,2.683e-05,0.041259,-39.216,-3.1598,0,15.44,1.5141e+05,-1.988e+06,0,0,0,503.47,5.7885,0,,14.816,9,14.816,0
6.0765,2.2697,7.8194e+06,0,2.6829e-05,0.041378,-39.335,-3.1159,0,15.517,1.5141e+05,-1.988e+06,0,0,0,503.44,5.754,0,,14.832,9,14.832,0
6.0768,2.2465,7.8194e+06,0,2.6828e-05,0.041498,-39.453,-3.072,0,15.595,1.5141e+05,-1.988e+06,0,0,0,503.42,5.7194,0,,14.848,9,14.848,0
6.0771,2.2232,7.8195e+06,0,2.6827e-05,0.041617,-39.572,-3.0281,0,15.673,1.5141e+05,-1.988e+06,0,0,0,503.4,5.6849,0,,14.864,9,14.864,0
6.0774,2.1999,7.8195e+06,0,2.6827e-05,0.041737,-39.69,-2.9842,0,15.751,1.5141e+05,-1.988e+06,0,0,0,503.37,5.6504,0,,14.88,9,14.88,0
6.0777,2.1766,7.8196e+06,0,2.6826e-05,0.041857,-39.808,-2.9403,0,15.829,1.5141e+05,-1.988e+06,0,0,0,503.35,5.6158,0,,14.896,9,14.896,0
6.078,2.1533,7.8196e+06,0,2.6825e-05,0.041976,-39.927,-2.8964,0,15.906,1.5141e+05,-1.988e+06,0,0,0,503.33,5.5813,0,,14.912,9,14.912,0
6.0784,2.1301,7.8197e+06,0,2.6824e-05,0.042096,-40.045,-2.8525,0,15.984,1.5141e+05,-1.988e+06,0,0,0,503.3,5.5467,0,,14.928,9,14.928,0
6.0787,2.1068,7.8197e+06,0,2.6823e-05,0.042215,-40.164,-2.8085,0,16.062,1.5141e+05,-1.988e+06,0,0,0,503.28,5.5122,0,,14.944,9,14.944,0
6.079,2.0835,7.8197e+06,0,2.6822e-05,0.042335,-40.282,-2.7646,0,16.14,1.5141e+05,-1.988e+06,0,0,0,503.26,5.4776,0,,14.96,9,14.96,0
6.0793,2.0602,7.8198e+06,0,2.6821e-05,0.042454,-40.4,-2.7207,0,16.218,1.5141e+05,-1.988e+06,0,0,0,503.23,5.4431,0,,14.976,9,14.976,0
6.0796,2.0369,7.8198e+06,0,2.6821e-05,0.042574,-40.519,-2.6768,0,16.295,1.5141e+05,-1.988e+06,0,0,0,503.21,5.4085,0,,14.992,9,14.992,0
6.0799,2.0137,7.8199e+06,0,2.682e-05,0.042694,-40.637,-2.6329,0,16.373,1.5141e+05,-1.988e+06,0,0,0,503.19,5.374,0,,15.008,9,15.008,0
6.0803,1.9904,7.8199e+06,0,2.6819e-05,0.042813,-40.756,-2.589,0,16.451,1.5141e+05,-1.988e+06,0,0,0,503.16,5.3395,0,,15.024,9,15.024,0
6.0806,1.9671,7.82e+06,0,2.6818e-05,0.042933,-40.874,-2.5451,0,16.529,1.5141e+05,-1.988e+06,0,0,0,503.14,5.3049,0,,15.04,9,15.04,0
6.0809,1.945,7.82e+06,0,2.6817e-05,0.043057,-40.996,-2.5025,0,16.608,1.5141e+05,-1.988e+06,0,0,0,503.12,5.2728,0,,15.056,9,15.056,0
6.0812,1.9232,7.8201e+06,0,2.6816e-05,0.043182,-41.12,-2.4604,0,16.687,1.5141e+05,-1.988e+06,0,0,0,503.09,5.2416,0,,15.072,9,15.072,0
6.0816,1.9014,7.8201e+06,0,2.6816e-05,0.043308,-41.244,-2.4183,0,16.766,1.5141e+05,-1.988e+06,0,0,0,503.07,5.2103,0,,15.088,9,15.088,0
6.0819,1.8796,7.8202e+06,0,2.6815e-05,0.043433,-41.368,-2.3762,0,16.846,1.5141e+05,-1.988e+06,0,0,0,503.04,5.179,0,,15.104,9,15.104,0
6.0822,1.8579,7.8202e+06,0,2.6814e-05,0.043558,-41.492,-2.3341,0,16.925,1.5141e+05,-1.988e+06,0,0,0,503.02,5.1478,0,,15.12,9,15.12,0
6.0825,1.8361,7.8202e+06,0,2.6813e-05,0.043684,-41.616,-2.292,0,17.004,1.5141e+05,-1.988e+06,0,0,0,503,5.1165,0,,15.136,9,15.136,0
6.0829,1.8143,7.8203e+06,0,2.6812e-05,0.043809,-41.74,-2.2498,0,17.083,1.5141e+05,-1.988e+06,0,0,0,502.97,5.0852,0,,15.152,9,15.152,0
6.0832,1.7925,7.8203e+06,0,2.6811e-05,0.043935,-41.863,-2.2077,0,17.163,1.5141e+05,-1.988e+06,0,0,0,502.95,5.054,0,,15.168,9,15.168,0
6.0835,1.7713,7.8204e+06,0,2.681e-05,0.044069,-41.995,-2.1687,0,17.269,1.5141e+05,-1.988e+06,0,0,0,502.92,5.0226,0,,15.184,9,15.184,0
6.0839,1.7507,7.8204e+06,0,2.6809e-05,0.044214,-42.136,-2.1335,0,17.411,1.5141e+05,-1.988e+06,0,0,0,502.89,4.991,0,,15.2,9,15.2,0
6.0844,1.7301,7.8205e+06,0,2.6808e-05,0.044359,-42.278,-2.0983,0,17.552,1.5141e+05,-1.988e+06,0,0,0,502.86,4.9595,0,,15.216,9,15.216,0
6.0848,1.7095,7.8205e+06,0,2.6807e-05,0.044505,-42.419,-2.0632,0,17.694,1.5141e+05,-1.988e+06,0,0,0,502.83,4.9279,0,,15.232,9,15.232,0
6.0852,1.6889,7.8206e+06,0,2.6806e-05,0.04465,-42.561,-2.028,0,17.836,1.5141e+05,-1.988e+06,0,0,0,502.8,4.8963,0,,15.248,9,15.248,0
6.0856,1.6683,7.8206e+06,0,2.6805e-05,0.044795,-42.702,-1.9929,0,17.978,1.5141e+05,-1.988e+06,0,0,0,502.77,4.8648,0,,15.264,9,15.264,0
6.086,1.6477,7.8207e+06,0,2.6804e-05,0.044941,-42.844,-1.9577,0,18.119,1.5141e+05,-1.988e+06,0,0,0,502.74,4.8332,0,,15.28,9,15.28,0
6.0864,1.6271,7.8207e+06,0,2.6803e-05,0.045086,-42.985,-1.9226,0,18.261,1.5141e+05,-1.988e+06,0,0,0,502.71,4.8016,0,,15.296,9,15.296,0
6.0868,1.6065,7.8208e+06,0,2.6801e-05,0.045231,-43.127,-1.8874,0,18.403,1.5141e+05,-1.988e+06,0,0,0,502.68,4.7701,0,,15.312,9,15.312,0
6.0872,1.5859,7.8208e+06,0,2.68e-05,0.045377,-43.268,-1.8523,0,18.544,1.5141e+05,-1.988e+06,0,0,0,502.65,4.7385,0,,15.328,9,15.328,0
6.0876,1.5652,7.8209e+06,0,2.6799e-05,0.045522,-43.41,-1.8171,0,18.686,1.5141e+05,-1.988e+06,0,0,0,502.62,4.7069,0,,15.344,9,15.344,0
6.088,1.5446,7.8209e+06,0,2.6798e-05,0.045667,-43.551,-1.782,0,18.828,1.5141e+05,-1.988e+06,0,0,0,502.59,4.6754,0,,15.36,9,15.36,0
6.0884,1.524,7.821e+06,0,2.6797e-05,0.045813,-43.693,-1.7468,0,18.969,1.5141e+05,-1.988e+06,0,0,0,502.56,4.6438,0,,15.376,9,15.376,0
6.0888,1.503,7.821e+06,0,2.6796e-05,0.045956,-43.832,-1.7115,0,19.11,1.5141e+05,-1.988e+06,0,0,0,502.53,4.6115,0,,15.392,9,15.392,0
6.0892,1.4818,7.8211e+06,0,2.6795e-05,0.046098,-43.971,-1.6761,0,19.251,1.5141e+05,-1.988e+06,0,0,0,502.5,4.5789,0,,15.408,9,15.408,0
6.0896,1.4605,7.8211e+06,0,2.6794e-05,0.04624,-44.109,-1.6407,0,19.392,1.5141e+05,-1.988e+06,0,0,0,502.47,4.5462,0,,15.424,9,15.424,0
6.09,1.4393,7.8212e+06,0,2.6793e-05,0.046381,-44.247,-1.6052,0,19.532,1.5141e+05,-1.988e+06,0,0,0,502.44,4.5135,0,,15.44,9,15.44,0
6.0904,1.418,7.8212e+06,0,2.6792e-05,0.046523,-44.385,-1.5698,0,19.673,1.5141e+05,-1.988e+06,0,0,0,502.41,4.4809,0,,15.456,9,15.456,0
6.0908,1.3968,7.8213e+06,0,2.6791e-05,0.046665,-44.523,-1.5344,0,19.813,1.5141e+05,-1.988e+06,0,0,0,502.38,4.4482,0,,15.472,9,15.472,0
6.0912,1.3755,7.8213e+06,0,2.6789e-05,0.046807,-44.661,-1.499,0,19.954,1.5141e+05,-1.988e+06,0,0,0,502.35,4.4155,0,,15.488,9,15.488,0
6.0916,1.3542,7.8214e+06,0,2.6788e-05,0.046949,-44.8,-1.4636,0,20.094,1.5141e+05,-1.988e+06,0,0,0,502.32,4.3829,0,,15.504,9,15.504,0
6.092,1.333,7.8214e+06,0,2.6787e-05,0.047091,-44.938,-1.4282,0,20.235,1.5141e+05,-1.988e+06,0,0,0,502.29,4.3502,0,,15.52,9,15.52,0
6.0924,1.3117,7.8215e+06,0,2.6786e-05,0.047233,-45.076,-1.3927,0,20.375,1.5141e+05,-1.988e+06,0,0,0,502.26,4.3175,0,,15.536,9,15.536,0
6.0928,1.2905,7.8215e+06,0,2.6785e-05,0.047375,-45.214,-1.3573,0,20.516,1.5141e+05,-1.988e+06,0,0,0,502.23,4.2849,0,,15.552,9,15.552,0
6.0932,1.2692,7.8216e+06,0,2.6784e-05,0.047516,-45.352,-1.3219,0,20.657,1.5141e+05,-1.988e+06,0,0,0,502.2,4.2522,0,,15.568,9,15.568,0
6.0936,1.248,7.8216e+06,0,2.6783e-05,0.047658,-45.49,-1.2865,0,20.797,1.5141e+05,-1.988e+06,0,0,0,502.17,4.2195,0,,15.584,9,15.584,0
6.094,1.2267,7.8217e+06,0,2.6782e-05,0.0478,-45.629,-1.2511,0,20.938,1.5141e+05,-1.988e+06,0,0,0,502.14,4.1869,0,,15.6,9,15.6,0
6.0944,1.2055,7.8217e+06,0,2.6781e-05,0.047942,-45.767,-1.2157,0,21.078,1.5141e+05,-1.988e+06,0,0,0,502.11,4.1542,0,,15.616,9,15.616,0
6.0948,1.1842,7.8218e+06,0,2.678e-05,0.048084,-45.905,-1.1802,0,21.219,1.5141e+05,-1.988e+06,0,0,0,502.08,4.1215,0,,15.632,9,15.632,0
6.0954,1.1445,7.8218e+06,0,2.6778e-05,0.048248,-46.065,-1.15,0,21.842,1.5141e+05,-1.988e+06,0,0,0,502.04,4.0539,0,,15.648,9,15.648,0
6.0959,1.1022,7.8219e+06,0,2.6777e-05,0.048416,-46.227,-1.1206,0,22.535,1.5141e+05,-1.988e+06,0,0,0,502,3.9812,0,,15.664,9,15.664,0
6.0965,1.0599,7.822e+06,0,2.6775e-05,0.048583,-46.39,-1.0911,0,23.228,1.5141e+05,-1.988e+06,0,0,0,501.96,3.9085,0,,15.68,9,15.68,0
6.0971,1.0176,7.8221e+06,0,2.6774e-05,0.048751,-46.553,-1.0617,0,23.921,1.5141e+05,-1.988e+06,0,0,0,501.92,3.8358,0,,15.696,9,15.696,0
6.0976,0.97527,7.8222e+06,0,2.6772e-05,0.048918,-46.715,-1.0322,0,24.614,1.5141e+05,-1.988e+06,0,0,0,501.88,3.7631,0,,15.712,9,15.712,0
6.0982,0.934,7.8223e+06,0,2.6771e-05,0.049094,-46.886,-1.0033,0,25.432,1.5141e+05,-1.988e+06,0,0,0,501.84,3.6923,0,,15.728,9,15.728,0
6.0988,0.89297,7.8224e+06,0,2.6769e-05,0.049273,-47.059,-0.97458,0,26.28,1.5141e+05,-1.988e+06,0,0,0,501.8,3.622,0,,15.744,9,15.744,0
6.0994,0.85193,7.8225e+06,0,2.6768e-05,0.049451,-47.232,-0.94583,0,27.127,1.5141e+05,-1.988e+06,0,0,0,501.75,3.5517,0,,15.76,9,15.76,0
6.1,0.8109,7.8225e+06,0,2.6766e-05,0.049629,-47.405,-0.91709,0,27.974,1.5141e+05,-1.988e+06,0,0,0,501.71,3.4814,0,,15.776,9,15.776,0
6.1005,0.76986,7.8226e+06,0,2.6765e-05,0.049807,-47.578,-0.88835,0,28.821,1.5141e+05,-1.988e+06,0,0,0,501.67,3.4111,0,,15.792,9,15.792,0
6.1011,0.72883,7.8227e+06,0,2.6763e-05,0.049985,-47.751,-0.85961,0,29.668,1.5141e+05,-1.988e+06,0,0,0,501.63,3.3408,0,,15.808,9,15.808,0
6.1017,0.68779,7.8228e+06,0,2.6762e-05,0.050163,-47.923,-0.83086,0,30.516,1.5141e+05,-1.988e+06,0,0,0,501.58,3.2705,0,,15.824,9,15.824,0
6.1023,0.64676,7.8229e+06,0,2.676e-05,0.050342,-48.096,-0.80212,0,31.363,1.5141e+05,-1.988e+06,0,0,0,501.54,3.2002,0,,15.84,9,15.84,0
6.1029,0.60573,7.823e+06,0,2.6759e-05,0.05052,-48.269,-0.77338,0,32.21,1.5141e+05,-1.988e+06,0,0,0,501.5,3.1299,0,,15.856,9,15.856,0
6.1035,0.56552,7.823e+06,0,2.6757e-05,0.050699,-48.443,-0.74479,0,33.083,1.5141e+05,-1.988e+06,0,0,0,501.45,3.0609,0,,15.872,9,15.872,0
6.1043,0.54087,7.8232e+06,0,2.6755e-05,0.050898,-48.637,-0.71909,0,34.447,1.5141e+05,-1.988e+06,0,0,0,501.4,3.0151,0,,15.888,9,15.888,0
6.105,0.5196,7.8233e+06,0,2.6753e-05,0.051099,-48.832,-0.69332,0,35.578,1.5141e+05,-1.988e+06,0,0,0,501.34,2.9729,0,,15.904,9,15.904,0
6.1058,0.49863,7.8234e+06,0,2.6751e-05,0.0513,-49.028,-0.66754,0,36.688,1.5141e+05,-1.988e+06,0,0,0,501.28,2.9309,0,,15.92,9,15.92,0
6.1066,0.47765,7.8235e+06,0,2.6749e-05,0.051501,-49.223,-0.64177,0,37.799,1.5141e+05,-1.988e+06,0,0,0,501.23,2.8889,0,,15.936,9,15.936,0
6.1074,0.45668,7.8236e+06,0,2.6747e-05,0.051703,-49.419,-0.616,0,38.909,1.5141e+05,-1.988e+06,0,0,0,501.17,2.8469,0,,15.952,9,15.952,0
6.1082,0.4357,7.8238e+06,0,2.6745e-05,0.051904,-49.614,-0.59022,0,40.02,1.5141e+05,-1.988e+06,0,0,0,501.12,2.8049,0,,15.968,9,15.968,0
6.109,0.41472,7.8239e+06,0,2.6743e-05,0.052105,-49.81,-0.56445,0,41.131,1.5141e+05,-1.988e+06,0,0,0,501.06,2.7629,0,,15.984,9,15.984,0
6.1098,0.39709,7.824e+06,0,2.674e-05,0.052313,-50.012,-0.53931,0,42.191,1.5141e+05,-1.988e+06,0,0,0,501,2.7251,0,,16,9,16,0
